10997,0.0,0.0,0.0,0.0,0.0,0.0,0.0,0.0,0.0,0.0,0.0,0.0,0.0,0.0,0.0,0.0,0.0,0.0,0.0,0.0
10998,0.0,0.0,0.0,0.0,0.0,0.0,0.0,0.0,0.0,0.0,0.0,0.0,0.0,0.0,0.0,0.0,0.0,0.0,0.0,0.0
338,0.0,0.0,0.0,0.0,0.0,0.0,0.0,0.0,0.0,0.0,0.0,0.0,0.0,0.0,0.0,0.0,0.0,0.0,0.0,0.0
22527,0.0,0.0,0.0,0.0,0.0,0.0,0.0,0.0,0.0,0.0,0.0,0.0,0.0,0.0,0.0,0.0,0.0,0.0,0.0,0.0
22526,0.0,0.0,0.0,0.0,0.0,0.0,0.0,0.0,0.0,0.0,0.0,0.0,0.0,0.0,0.0,0.0,0.0,0.0,0.0,0.0
5374,3.0,1.0,0.0,3.0,3.0,1.0,2.0,2.0,1.0,3.0,3.0,2.0,2.0,3.0,2.0,3.0,3.0,3.0,3.0,3.0
27785,3.0,1.0,0.0,3.0,3.0,2.0,3.0,2.0,2.0,3.0,3.0,2.0,3.0,3.0,2.0,4.0,3.0,3.0,3.0,4.0
337,0.0,0.0,0.0,0.0,0.0,0.0,0.0,0.0,0.0,0.0,0.0,0.0,0.0,0.0,0.0,0.0,0.0,0.0,0.0,0.0
17282,3.0,1.0,0.0,4.0,3.0,2.0,2.0,2.0,1.0,4.0,3.0,2.0,3.0,3.0,2.0,3.0,3.0,3.0,3.0,3.0
747,0.0,0.0,0.0,0.0,0.0,0.0,0.0,0.0,0.0,0.0,0.0,0.0,0.0,0.0,0.0,0.0,0.0,0.0,0.0,0.0
22903,0.0,0.0,0.0,0.0,0.0,0.0,0.0,0.0,0.0,0.0,0.0,0.0,0.0,0.0,0.0,0.0,0.0,0.0,0.0,0.0
534,0.0,0.0,0.0,0.0,0.0,0.0,0.0,0.0,0.0,0.0,0.0,0.0,0.0,0.0,0.0,0.0,0.0,0.0,0.0,0.0
533,0.0,1.0,1.0,0.0,0.0,0.0,0.0,0.0,0.0,0.0,0.0,0.0,0.0,0.0,0.0,0.0,0.0,0.0,0.0,0.0
13716,1.0,0.0,0.0,0.0,0.0,0.0,0.0,0.0,0.0,0.0,0.0,0.0,0.0,0.0,0.0,1.0,1.0,0.0,0.0,0.0
29304,0.0,0.0,0.0,0.0,0.0,0.0,0.0,0.0,0.0,0.0,0.0,0.0,0.0,0.0,0.0,0.0,0.0,0.0,0.0,0.0
6494,0.0,1.0,0.0,0.0,0.0,0.0,0.0,0.0,0.0,0.0,0.0,0.0,0.0,0.0,0.0,0.0,0.0,0.0,0.0,0.0
12853,0.0,0.0,0.0,0.0,0.0,0.0,0.0,0.0,0.0,0.0,0.0,0.0,0.0,0.0,0.0,0.0,0.0,0.0,0.0,0.0
6493,0.0,1.0,0.0,0.0,0.0,0.0,0.0,0.0,0.0,0.0,0.0,0.0,0.0,0.0,0.0,0.0,0.0,0.0,0.0,0.0
14674,0.0,0.0,0.0,0.0,0.0,0.0,0.0,0.0,0.0,0.0,0.0,0.0,0.0,0.0,0.0,0.0,0.0,0.0,0.0,0.0
14870,2.0,1.0,1.0,1.0,1.0,1.0,1.0,1.0,1.0,2.0,1.0,2.0,1.0,1.0,1.0,1.0,2.0,1.0,1.0,1.0
3290,0.0,1.0,0.0,0.0,0.0,0.0,0.0,0.0,0.0,0.0,0.0,0.0,0.0,0.0,0.0,0.0,0.0,0.0,0.0,0.0
29706,0.0,0.0,0.0,0.0,0.0,0.0,0.0,0.0,0.0,0.0,0.0,0.0,0.0,0.0,0.0,0.0,0.0,0.0,0.0,0.0
8024,0.0,0.0,0.0,1.0,1.0,0.0,0.0,0.0,0.0,1.0,1.0,1.0,1.0,1.0,1.0,1.0,1.0,1.0,1.0,1.0
10090,1.0,0.0,0.0,1.0,1.0,0.0,0.0,0.0,0.0,1.0,1.0,1.0,1.0,1.0,1.0,1.0,1.0,1.0,1.0,1.0
546,2.0,2.0,1.0,2.0,2.0,2.0,2.0,2.0,2.0,2.0,2.0,2.0,2.0,2.0,2.0,2.0,2.0,2.0,2.0,2.0
545,3.0,3.0,2.0,2.0,2.0,3.0,2.0,2.0,2.0,3.0,3.0,3.0,3.0,3.0,3.0,3.0,3.0,3.0,2.0,3.0
29318,1.0,0.0,0.0,1.0,1.0,1.0,1.0,1.0,0.0,1.0,1.0,1.0,1.0,1.0,1.0,1.0,1.0,1.0,1.0,1.0
29316,0.0,0.0,0.0,0.0,0.0,0.0,0.0,0.0,0.0,0.0,0.0,0.0,0.0,0.0,0.0,0.0,0.0,0.0,0.0,0.0
732,3.0,1.0,0.0,3.0,3.0,2.0,2.0,2.0,1.0,3.0,4.0,2.0,2.0,2.0,2.0,3.0,3.0,3.0,3.0,3.0
8438,1.0,0.0,0.0,2.0,2.0,1.0,1.0,1.0,0.0,2.0,2.0,1.0,1.0,1.0,2.0,2.0,2.0,2.0,3.0,2.0
6085,0.0,0.0,0.0,0.0,0.0,0.0,0.0,0.0,0.0,0.0,0.0,0.0,0.0,0.0,0.0,0.0,0.0,0.0,0.0,0.0
16923,2.0,0.0,0.0,1.0,1.0,1.0,1.0,2.0,0.0,2.0,2.0,1.0,2.0,1.0,1.0,2.0,2.0,2.0,2.0,1.0
315,0.0,1.0,1.0,0.0,0.0,0.0,0.0,0.0,0.0,0.0,0.0,0.0,0.0,0.0,0.0,0.0,0.0,0.0,0.0,0.0
27180,0.0,0.0,0.0,0.0,0.0,0.0,0.0,0.0,0.0,0.0,0.0,0.0,0.0,0.0,0.0,0.0,0.0,0.0,0.0,0.0
28049,0.0,0.0,0.0,0.0,0.0,0.0,0.0,0.0,0.0,0.0,0.0,0.0,0.0,0.0,0.0,0.0,0.0,0.0,0.0,0.0
27181,0.0,0.0,0.0,0.0,0.0,0.0,0.0,0.0,0.0,0.0,0.0,0.0,0.0,0.0,0.0,0.0,0.0,0.0,0.0,0.0
14299,0.0,0.0,0.0,0.0,0.0,0.0,0.0,0.0,0.0,0.0,0.0,0.0,0.0,0.0,0.0,0.0,0.0,0.0,0.0,0.0
25776,1.0,0.0,0.0,2.0,2.0,1.0,1.0,1.0,0.0,1.0,2.0,1.0,1.0,1.0,2.0,1.0,2.0,2.0,2.0,1.0
29006,0.0,0.0,0.0,0.0,0.0,0.0,0.0,0.0,0.0,0.0,0.0,0.0,0.0,0.0,0.0,0.0,0.0,0.0,0.0,0.0
8759,1.0,1.0,1.0,1.0,1.0,1.0,1.0,0.0,1.0,1.0,1.0,1.0,1.0,1.0,1.0,1.0,1.0,1.0,1.0,1.0
728,1.0,4.0,3.0,1.0,1.0,3.0,2.0,2.0,3.0,1.0,1.0,2.0,2.0,3.0,3.0,1.0,1.0,1.0,1.0,2.0
14496,2.0,0.0,0.0,3.0,3.0,2.0,3.0,3.0,1.0,2.0,2.0,1.0,3.0,4.0,3.0,2.0,2.0,2.0,2.0,2.0
2971,3.0,1.0,1.0,3.0,3.0,2.0,2.0,1.0,2.0,2.0,1.0,1.0,2.0,2.0,1.0,2.0,2.0,1.0,2.0,2.0
2970,0.0,1.0,0.0,1.0,1.0,0.0,0.0,0.0,0.0,1.0,1.0,1.0,1.0,1.0,1.0,1.0,1.0,1.0,2.0,1.0
725,0.0,1.0,1.0,0.0,0.0,0.0,0.0,0.0,0.0,0.0,1.0,1.0,0.0,0.0,0.0,0.0,0.0,0.0,0.0,0.0
7335,4.0,1.0,2.0,4.0,3.0,2.0,1.0,1.0,1.0,4.0,3.0,3.0,2.0,1.0,2.0,2.0,3.0,2.0,2.0,2.0
10081,2.0,0.0,1.0,1.0,1.0,1.0,1.0,1.0,1.0,1.0,1.0,2.0,1.0,1.0,1.0,1.0,1.0,1.0,1.0,1.0
721,0.0,1.0,0.0,0.0,0.0,0.0,0.0,0.0,0.0,0.0,0.0,0.0,0.0,0.0,0.0,0.0,0.0,0.0,0.0,0.0
720,5.0,5.0,6.0,5.0,4.0,4.0,2.0,1.0,4.0,4.0,4.0,7.0,3.0,3.0,4.0,3.0,4.0,4.0,4.0,4.0
20260,1.0,1.0,0.0,2.0,2.0,1.0,1.0,1.0,1.0,2.0,2.0,1.0,2.0,2.0,2.0,2.0,2.0,2.0,1.0,2.0
20261,1.0,1.0,0.0,2.0,2.0,1.0,1.0,1.0,1.0,2.0,2.0,1.0,2.0,2.0,2.0,2.0,2.0,2.0,1.0,2.0
28863,1.0,0.0,0.0,2.0,2.0,1.0,1.0,1.0,0.0,1.0,2.0,1.0,1.0,1.0,2.0,1.0,2.0,2.0,2.0,1.0
7317,2.0,1.0,1.0,2.0,2.0,1.0,1.0,1.0,1.0,2.0,3.0,2.0,1.0,1.0,2.0,2.0,3.0,2.0,3.0,2.0
16917,1.0,0.0,0.0,1.0,1.0,0.0,1.0,0.0,0.0,0.0,0.0,0.0,1.0,1.0,1.0,1.0,1.0,0.0,0.0,0.0
7315,2.0,0.0,0.0,1.0,1.0,1.0,1.0,1.0,1.0,2.0,1.0,1.0,1.0,1.0,1.0,2.0,2.0,1.0,1.0,1.0
7319,2.0,1.0,0.0,2.0,2.0,1.0,1.0,1.0,1.0,2.0,3.0,2.0,2.0,1.0,1.0,2.0,3.0,2.0,3.0,2.0
7320,2.0,0.0,0.0,2.0,2.0,1.0,1.0,2.0,1.0,2.0,3.0,2.0,2.0,1.0,1.0,2.0,3.0,2.0,3.0,2.0
10075,2.0,6.0,4.0,2.0,2.0,5.0,5.0,4.0,6.0,2.0,2.0,4.0,4.0,6.0,5.0,3.0,2.0,2.0,2.0,4.0
10074,2.0,3.0,2.0,3.0,3.0,3.0,3.0,2.0,4.0,2.0,2.0,3.0,3.0,4.0,4.0,2.0,2.0,2.0,3.0,2.0
718,0.0,1.0,0.0,0.0,0.0,0.0,0.0,0.0,0.0,0.0,0.0,0.0,0.0,0.0,0.0,0.0,0.0,0.0,0.0,0.0
20665,0.0,0.0,0.0,0.0,0.0,0.0,0.0,0.0,0.0,0.0,0.0,0.0,0.0,0.0,0.0,0.0,0.0,0.0,0.0,0.0
22915,1.0,2.0,1.0,1.0,1.0,1.0,2.0,1.0,1.0,1.0,1.0,1.0,1.0,2.0,1.0,1.0,1.0,1.0,1.0,1.0
22916,2.0,2.0,2.0,2.0,1.0,2.0,1.0,1.0,2.0,1.0,1.0,2.0,1.0,2.0,1.0,1.0,1.0,1.0,1.0,1.0
715,0.0,1.0,0.0,0.0,0.0,0.0,0.0,0.0,0.0,0.0,0.0,0.0,0.0,0.0,0.0,0.0,0.0,0.0,0.0,0.0
8432,0.0,0.0,0.0,0.0,0.0,0.0,0.0,0.0,0.0,0.0,0.0,0.0,0.0,0.0,0.0,0.0,0.0,0.0,0.0,0.0
22102,1.0,1.0,0.0,1.0,1.0,1.0,1.0,1.0,1.0,1.0,1.0,1.0,1.0,1.0,1.0,1.0,1.0,1.0,1.0,1.0
2969,0.0,1.0,0.0,1.0,1.0,0.0,0.0,0.0,0.0,1.0,1.0,1.0,1.0,1.0,1.0,1.0,1.0,1.0,2.0,1.0
8433,0.0,0.0,0.0,0.0,0.0,0.0,0.0,0.0,0.0,0.0,0.0,0.0,0.0,0.0,0.0,0.0,0.0,0.0,0.0,0.0
27545,2.0,0.0,0.0,2.0,2.0,1.0,1.0,1.0,1.0,2.0,2.0,1.0,2.0,1.0,1.0,2.0,2.0,2.0,1.0,2.0
27544,2.0,0.0,0.0,2.0,2.0,1.0,1.0,1.0,1.0,2.0,2.0,1.0,2.0,1.0,1.0,2.0,2.0,2.0,1.0,2.0
27160,0.0,0.0,0.0,0.0,0.0,0.0,0.0,0.0,0.0,0.0,0.0,0.0,0.0,0.0,0.0,0.0,0.0,0.0,0.0,0.0
15115,0.0,0.0,0.0,0.0,0.0,0.0,0.0,0.0,0.0,0.0,0.0,0.0,0.0,0.0,0.0,0.0,0.0,0.0,0.0,0.0
16235,1.0,2.0,1.0,1.0,1.0,1.0,2.0,1.0,1.0,1.0,1.0,1.0,1.0,2.0,1.0,1.0,1.0,1.0,1.0,1.0
20286,1.0,1.0,0.0,1.0,0.0,1.0,1.0,1.0,1.0,1.0,0.0,0.0,1.0,1.0,1.0,1.0,1.0,1.0,0.0,1.0
12898,2.0,2.0,1.0,2.0,2.0,2.0,2.0,2.0,2.0,2.0,2.0,2.0,2.0,2.0,2.0,2.0,2.0,2.0,2.0,2.0
9597,0.0,0.0,0.0,0.0,0.0,0.0,0.0,0.0,0.0,0.0,0.0,0.0,0.0,0.0,0.0,0.0,0.0,0.0,0.0,0.0
17242,1.0,0.0,0.0,0.0,0.0,0.0,0.0,0.0,0.0,1.0,0.0,0.0,0.0,0.0,0.0,1.0,1.0,0.0,0.0,0.0
9596,0.0,0.0,0.0,0.0,0.0,0.0,0.0,0.0,0.0,0.0,0.0,0.0,0.0,0.0,0.0,0.0,0.0,0.0,0.0,0.0
14234,0.0,0.0,0.0,0.0,0.0,0.0,0.0,0.0,0.0,0.0,0.0,0.0,0.0,0.0,0.0,0.0,0.0,0.0,0.0,0.0
2994,0.0,0.0,1.0,0.0,0.0,0.0,0.0,0.0,0.0,0.0,1.0,1.0,0.0,0.0,0.0,0.0,0.0,1.0,0.0,1.0
2101,3.0,2.0,1.0,2.0,2.0,3.0,2.0,3.0,2.0,3.0,3.0,3.0,3.0,2.0,3.0,3.0,4.0,3.0,2.0,3.0
8460,0.0,0.0,0.0,0.0,0.0,0.0,0.0,0.0,0.0,0.0,0.0,0.0,0.0,0.0,0.0,0.0,0.0,0.0,0.0,0.0
29953,1.0,0.0,0.0,1.0,1.0,1.0,1.0,1.0,0.0,1.0,1.0,1.0,1.0,1.0,1.0,1.0,1.0,1.0,1.0,1.0
19303,1.0,1.0,0.0,1.0,1.0,1.0,1.0,1.0,1.0,1.0,1.0,1.0,1.0,1.0,1.0,1.0,1.0,1.0,1.0,1.0
15107,1.0,2.0,1.0,1.0,0.0,2.0,2.0,2.0,1.0,1.0,1.0,1.0,1.0,2.0,2.0,1.0,1.0,1.0,1.0,1.0
7587,0.0,0.0,0.0,0.0,0.0,0.0,0.0,0.0,0.0,0.0,0.0,0.0,0.0,0.0,0.0,0.0,0.0,0.0,0.0,0.0
15105,1.0,1.0,0.0,1.0,1.0,1.0,1.0,1.0,1.0,1.0,1.0,1.0,1.0,1.0,1.0,1.0,1.0,1.0,1.0,1.0
7585,5.0,2.0,1.0,5.0,6.0,3.0,3.0,3.0,2.0,5.0,4.0,4.0,3.0,3.0,3.0,4.0,5.0,4.0,4.0,4.0
15106,1.0,1.0,0.0,1.0,1.0,1.0,1.0,1.0,1.0,1.0,1.0,1.0,1.0,1.0,1.0,1.0,1.0,1.0,1.0,1.0
23683,1.0,0.0,0.0,1.0,1.0,1.0,1.0,2.0,0.0,1.0,1.0,1.0,1.0,1.0,1.0,1.0,1.0,1.0,1.0,1.0
971,0.0,0.0,0.0,0.0,0.0,0.0,0.0,0.0,0.0,0.0,0.0,0.0,0.0,0.0,0.0,0.0,0.0,0.0,0.0,0.0
14635,0.0,0.0,0.0,0.0,0.0,0.0,0.0,0.0,0.0,0.0,0.0,0.0,0.0,0.0,0.0,0.0,0.0,0.0,0.0,0.0
16242,1.0,2.0,1.0,1.0,1.0,1.0,2.0,1.0,1.0,1.0,1.0,1.0,1.0,2.0,1.0,1.0,1.0,1.0,1.0,1.0
13747,0.0,0.0,0.0,0.0,0.0,0.0,0.0,0.0,0.0,0.0,0.0,0.0,0.0,0.0,0.0,0.0,0.0,0.0,0.0,0.0
4978,0.0,1.0,0.0,0.0,0.0,0.0,0.0,0.0,0.0,0.0,0.0,0.0,0.0,0.0,0.0,0.0,0.0,0.0,0.0,0.0
13119,0.0,0.0,0.0,0.0,0.0,0.0,0.0,0.0,0.0,0.0,0.0,0.0,0.0,0.0,0.0,0.0,0.0,0.0,0.0,0.0
13121,0.0,0.0,0.0,0.0,0.0,0.0,0.0,0.0,0.0,0.0,0.0,0.0,0.0,0.0,0.0,0.0,0.0,0.0,0.0,0.0
27566,0.0,0.0,0.0,0.0,0.0,0.0,0.0,0.0,0.0,0.0,0.0,0.0,0.0,0.0,0.0,0.0,0.0,0.0,0.0,0.0
7578,4.0,0.0,0.0,4.0,4.0,2.0,4.0,4.0,1.0,4.0,5.0,3.0,4.0,2.0,3.0,5.0,4.0,4.0,5.0,3.0
26825,1.0,0.0,0.0,1.0,0.0,1.0,0.0,0.0,0.0,0.0,0.0,0.0,0.0,0.0,0.0,1.0,1.0,0.0,1.0,0.0
26822,0.0,0.0,0.0,0.0,0.0,0.0,0.0,0.0,0.0,0.0,0.0,0.0,0.0,0.0,0.0,0.0,0.0,0.0,0.0,0.0
8200,4.0,2.0,1.0,4.0,4.0,3.0,3.0,3.0,3.0,4.0,3.0,3.0,2.0,2.0,2.0,3.0,3.0,2.0,2.0,2.0
16213,0.0,1.0,0.0,0.0,0.0,0.0,0.0,0.0,0.0,0.0,0.0,0.0,0.0,0.0,0.0,0.0,0.0,0.0,0.0,0.0
8203,4.0,3.0,2.0,5.0,5.0,3.0,2.0,2.0,3.0,5.0,4.0,5.0,3.0,3.0,4.0,3.0,4.0,5.0,4.0,4.0
20021,1.0,4.0,3.0,1.0,1.0,3.0,2.0,1.0,3.0,1.0,2.0,3.0,2.0,2.0,2.0,2.0,1.0,2.0,1.0,2.0
28817,0.0,0.0,0.0,0.0,0.0,0.0,0.0,0.0,0.0,0.0,0.0,0.0,0.0,0.0,0.0,0.0,0.0,0.0,0.0,0.0
558,8.0,8.0,7.0,7.0,6.0,8.0,2.0,2.0,8.0,5.0,6.0,9.0,4.0,4.0,5.0,4.0,6.0,6.0,7.0,5.0
559,1.0,0.0,0.0,1.0,1.0,1.0,1.0,1.0,0.0,1.0,2.0,1.0,2.0,1.0,2.0,1.0,2.0,2.0,1.0,2.0
27564,0.0,0.0,0.0,0.0,0.0,0.0,0.0,0.0,0.0,0.0,0.0,0.0,0.0,0.0,0.0,0.0,0.0,0.0,0.0,0.0
556,4.0,1.0,1.0,4.0,4.0,2.0,2.0,1.0,2.0,4.0,4.0,3.0,2.0,2.0,2.0,3.0,4.0,3.0,3.0,3.0
27565,0.0,0.0,0.0,0.0,0.0,0.0,0.0,0.0,0.0,0.0,0.0,0.0,0.0,0.0,0.0,0.0,0.0,0.0,0.0,0.0
28816,0.0,0.0,0.0,0.0,0.0,0.0,0.0,0.0,0.0,0.0,0.0,0.0,0.0,0.0,0.0,0.0,0.0,0.0,0.0,0.0
554,5.0,4.0,4.0,5.0,6.0,4.0,2.0,1.0,4.0,5.0,4.0,5.0,3.0,3.0,3.0,3.0,4.0,3.0,3.0,3.0
5112,1.0,1.0,0.0,1.0,1.0,1.0,1.0,1.0,1.0,1.0,1.0,1.0,1.0,1.0,1.0,1.0,1.0,1.0,1.0,1.0
28815,0.0,1.0,0.0,0.0,0.0,0.0,0.0,0.0,0.0,0.0,0.0,0.0,0.0,0.0,0.0,0.0,0.0,0.0,0.0,0.0
555,0.0,0.0,0.0,0.0,0.0,0.0,0.0,0.0,0.0,0.0,0.0,0.0,0.0,0.0,0.0,0.0,0.0,0.0,0.0,0.0
7562,0.0,0.0,0.0,0.0,0.0,0.0,0.0,0.0,0.0,0.0,0.0,0.0,0.0,0.0,0.0,0.0,0.0,0.0,0.0,0.0
560,4.0,1.0,0.0,4.0,4.0,2.0,2.0,2.0,1.0,4.0,4.0,3.0,3.0,2.0,2.0,4.0,4.0,4.0,4.0,3.0
10034,0.0,1.0,0.0,0.0,0.0,0.0,0.0,0.0,0.0,0.0,0.0,0.0,0.0,0.0,0.0,0.0,0.0,0.0,0.0,0.0
10033,0.0,1.0,0.0,0.0,0.0,0.0,0.0,0.0,0.0,0.0,0.0,0.0,0.0,0.0,0.0,0.0,0.0,0.0,0.0,0.0
10032,0.0,1.0,0.0,0.0,0.0,0.0,0.0,0.0,0.0,0.0,0.0,0.0,0.0,0.0,0.0,0.0,0.0,0.0,0.0,0.0
20299,2.0,2.0,1.0,2.0,1.0,2.0,3.0,2.0,2.0,2.0,1.0,1.0,2.0,2.0,2.0,2.0,2.0,1.0,1.0,2.0
27153,1.0,0.0,0.0,1.0,1.0,1.0,1.0,1.0,0.0,1.0,1.0,1.0,1.0,1.0,1.0,1.0,1.0,1.0,1.0,1.0
20012,1.0,1.0,1.0,1.0,1.0,1.0,1.0,1.0,1.0,1.0,1.0,2.0,1.0,1.0,1.0,1.0,1.0,1.0,1.0,1.0
16228,0.0,0.0,0.0,0.0,0.0,0.0,0.0,0.0,0.0,0.0,0.0,0.0,0.0,0.0,0.0,0.0,0.0,0.0,0.0,0.0
27159,0.0,0.0,0.0,0.0,0.0,0.0,0.0,0.0,0.0,0.0,0.0,0.0,0.0,0.0,0.0,0.0,0.0,0.0,0.0,0.0
20015,2.0,1.0,0.0,1.0,1.0,1.0,1.0,1.0,1.0,1.0,1.0,1.0,1.0,1.0,1.0,1.0,1.0,1.0,1.0,1.0
8917,0.0,0.0,0.0,0.0,0.0,0.0,0.0,0.0,0.0,0.0,0.0,0.0,0.0,0.0,0.0,0.0,0.0,0.0,0.0,0.0
565,3.0,2.0,1.0,2.0,2.0,3.0,3.0,3.0,2.0,3.0,3.0,3.0,3.0,3.0,3.0,3.0,3.0,3.0,2.0,3.0
27574,1.0,0.0,0.0,1.0,1.0,1.0,0.0,1.0,0.0,1.0,1.0,1.0,1.0,1.0,1.0,1.0,1.0,1.0,1.0,1.0
7559,1.0,7.0,5.0,1.0,1.0,6.0,4.0,3.0,7.0,1.0,3.0,5.0,4.0,6.0,5.0,3.0,2.0,2.0,3.0,4.0
10031,0.0,1.0,0.0,0.0,0.0,0.0,0.0,0.0,0.0,0.0,0.0,0.0,0.0,0.0,0.0,0.0,0.0,0.0,0.0,0.0
7558,2.0,4.0,2.0,3.0,3.0,3.0,3.0,2.0,3.0,2.0,2.0,3.0,3.0,4.0,4.0,2.0,2.0,2.0,3.0,2.0
8918,0.0,0.0,0.0,0.0,0.0,0.0,0.0,0.0,0.0,0.0,0.0,0.0,0.0,0.0,0.0,0.0,0.0,0.0,0.0,0.0
562,3.0,2.0,1.0,2.0,2.0,3.0,3.0,3.0,2.0,3.0,3.0,3.0,3.0,3.0,3.0,3.0,3.0,3.0,2.0,3.0
29796,1.0,0.0,0.0,1.0,1.0,1.0,1.0,2.0,0.0,1.0,1.0,1.0,1.0,1.0,1.0,1.0,1.0,1.0,1.0,1.0
10797,0.0,0.0,0.0,0.0,0.0,0.0,0.0,0.0,0.0,1.0,0.0,0.0,0.0,0.0,0.0,0.0,0.0,1.0,0.0,0.0
4045,0.0,1.0,0.0,0.0,0.0,0.0,0.0,0.0,0.0,0.0,0.0,0.0,0.0,0.0,0.0,0.0,0.0,0.0,0.0,0.0
9555,0.0,0.0,0.0,0.0,0.0,0.0,0.0,0.0,0.0,0.0,0.0,0.0,0.0,0.0,0.0,0.0,0.0,0.0,0.0,0.0
2746,1.0,0.0,0.0,1.0,1.0,1.0,1.0,1.0,0.0,1.0,1.0,1.0,1.0,1.0,1.0,1.0,1.0,1.0,1.0,1.0
2745,1.0,3.0,3.0,1.0,1.0,1.0,1.0,0.0,1.0,1.0,2.0,3.0,1.0,2.0,2.0,1.0,2.0,2.0,2.0,2.0
2744,1.0,0.0,0.0,1.0,1.0,1.0,1.0,1.0,0.0,1.0,1.0,1.0,1.0,1.0,1.0,1.0,1.0,1.0,1.0,1.0
13912,3.0,2.0,1.0,3.0,3.0,3.0,3.0,2.0,2.0,3.0,3.0,3.0,3.0,3.0,2.0,3.0,3.0,3.0,3.0,4.0
29996,0.0,0.0,0.0,0.0,0.0,0.0,0.0,0.0,0.0,0.0,0.0,0.0,0.0,0.0,0.0,0.0,0.0,0.0,0.0,0.0
4920,0.0,0.0,0.0,0.0,0.0,0.0,0.0,0.0,0.0,0.0,0.0,0.0,0.0,0.0,0.0,0.0,0.0,0.0,0.0,0.0
19870,1.0,1.0,0.0,1.0,0.0,1.0,1.0,0.0,1.0,1.0,1.0,1.0,0.0,1.0,0.0,1.0,1.0,0.0,0.0,1.0
2151,3.0,2.0,1.0,2.0,2.0,3.0,2.0,3.0,2.0,3.0,3.0,3.0,3.0,2.0,3.0,3.0,4.0,3.0,2.0,3.0
16687,0.0,0.0,0.0,0.0,0.0,0.0,0.0,0.0,0.0,0.0,0.0,0.0,0.0,0.0,0.0,0.0,0.0,0.0,0.0,0.0
1621,0.0,0.0,0.0,0.0,0.0,0.0,0.0,0.0,0.0,0.0,0.0,0.0,0.0,0.0,0.0,0.0,0.0,0.0,0.0,0.0
1624,0.0,0.0,0.0,0.0,0.0,0.0,0.0,0.0,0.0,0.0,0.0,0.0,0.0,0.0,0.0,0.0,0.0,0.0,0.0,0.0
1623,0.0,0.0,0.0,0.0,0.0,0.0,0.0,0.0,0.0,0.0,0.0,0.0,0.0,0.0,0.0,0.0,0.0,0.0,0.0,0.0
6023,0.0,1.0,0.0,0.0,0.0,0.0,0.0,0.0,0.0,0.0,0.0,0.0,0.0,0.0,0.0,0.0,0.0,0.0,0.0,0.0
27711,3.0,0.0,0.0,3.0,3.0,2.0,4.0,3.0,2.0,3.0,1.0,1.0,3.0,4.0,3.0,2.0,2.0,1.0,2.0,2.0
12652,2.0,1.0,0.0,1.0,1.0,1.0,1.0,2.0,1.0,2.0,1.0,1.0,1.0,1.0,1.0,2.0,2.0,1.0,1.0,1.0
12650,3.0,1.0,0.0,3.0,3.0,1.0,2.0,2.0,1.0,3.0,3.0,2.0,2.0,3.0,2.0,3.0,3.0,3.0,3.0,3.0
3884,2.0,2.0,1.0,1.0,1.0,2.0,2.0,2.0,2.0,2.0,1.0,2.0,2.0,2.0,2.0,2.0,2.0,1.0,1.0,2.0
3885,1.0,3.0,2.0,1.0,1.0,3.0,2.0,2.0,3.0,1.0,2.0,2.0,2.0,3.0,2.0,2.0,1.0,2.0,1.0,2.0
9739,0.0,1.0,0.0,0.0,0.0,1.0,0.0,0.0,0.0,1.0,0.0,0.0,0.0,0.0,0.0,1.0,1.0,0.0,0.0,1.0
9738,0.0,1.0,0.0,0.0,0.0,1.0,0.0,0.0,0.0,1.0,0.0,0.0,0.0,0.0,0.0,1.0,1.0,0.0,0.0,1.0
2756,0.0,2.0,1.0,0.0,0.0,0.0,1.0,0.0,1.0,0.0,1.0,1.0,1.0,1.0,0.0,1.0,1.0,1.0,0.0,1.0
9740,0.0,1.0,1.0,0.0,0.0,0.0,0.0,0.0,0.0,0.0,1.0,1.0,1.0,0.0,1.0,0.0,0.0,1.0,0.0,1.0
2760,1.0,1.0,0.0,1.0,0.0,1.0,1.0,0.0,1.0,1.0,1.0,1.0,0.0,1.0,0.0,1.0,1.0,0.0,0.0,1.0
21973,1.0,0.0,0.0,1.0,0.0,1.0,0.0,1.0,0.0,0.0,0.0,0.0,0.0,0.0,0.0,1.0,1.0,0.0,0.0,0.0
16475,0.0,0.0,0.0,0.0,0.0,0.0,0.0,0.0,0.0,0.0,0.0,0.0,0.0,0.0,0.0,0.0,0.0,0.0,0.0,0.0
6284,1.0,1.0,1.0,1.0,1.0,1.0,0.0,0.0,0.0,1.0,1.0,1.0,0.0,1.0,1.0,1.0,1.0,1.0,1.0,1.0
25083,0.0,0.0,0.0,0.0,0.0,0.0,0.0,0.0,0.0,0.0,0.0,0.0,0.0,0.0,0.0,0.0,0.0,0.0,0.0,0.0
6809,0.0,1.0,0.0,0.0,0.0,0.0,0.0,0.0,0.0,0.0,0.0,0.0,0.0,0.0,0.0,0.0,0.0,0.0,0.0,0.0
2763,0.0,2.0,1.0,0.0,0.0,0.0,1.0,0.0,1.0,0.0,1.0,1.0,1.0,1.0,0.0,1.0,1.0,1.0,0.0,1.0
6283,1.0,0.0,0.0,1.0,1.0,0.0,0.0,0.0,0.0,1.0,1.0,1.0,0.0,0.0,0.0,1.0,1.0,1.0,1.0,1.0
9775,1.0,0.0,0.0,1.0,1.0,1.0,0.0,1.0,0.0,1.0,2.0,1.0,1.0,1.0,1.0,1.0,2.0,2.0,2.0,1.0
13577,3.0,2.0,1.0,3.0,3.0,2.0,2.0,2.0,2.0,3.0,2.0,2.0,2.0,2.0,2.0,2.0,2.0,2.0,2.0,2.0
23424,0.0,0.0,0.0,0.0,0.0,0.0,0.0,0.0,0.0,0.0,0.0,0.0,0.0,0.0,0.0,0.0,0.0,0.0,0.0,0.0
23429,1.0,0.0,0.0,1.0,0.0,1.0,0.0,1.0,0.0,0.0,0.0,0.0,0.0,0.0,0.0,1.0,1.0,0.0,0.0,0.0
11137,0.0,0.0,0.0,0.0,0.0,0.0,0.0,0.0,0.0,0.0,0.0,0.0,0.0,0.0,0.0,0.0,0.0,0.0,0.0,0.0
16666,4.0,1.0,0.0,5.0,4.0,3.0,4.0,4.0,2.0,5.0,5.0,3.0,4.0,3.0,3.0,4.0,5.0,4.0,5.0,3.0
4943,2.0,2.0,1.0,2.0,2.0,3.0,2.0,3.0,2.0,2.0,2.0,2.0,3.0,2.0,3.0,2.0,2.0,2.0,2.0,2.0
21981,0.0,0.0,0.0,0.0,0.0,0.0,0.0,0.0,0.0,0.0,0.0,0.0,0.0,0.0,0.0,0.0,0.0,0.0,0.0,0.0
19126,2.0,0.0,0.0,2.0,2.0,1.0,1.0,1.0,1.0,2.0,3.0,2.0,2.0,1.0,2.0,2.0,2.0,3.0,4.0,2.0
11138,0.0,0.0,0.0,0.0,0.0,0.0,0.0,0.0,0.0,0.0,0.0,0.0,0.0,0.0,0.0,0.0,0.0,0.0,0.0,0.0
6812,0.0,1.0,1.0,0.0,0.0,0.0,0.0,0.0,0.0,0.0,1.0,1.0,0.0,0.0,0.0,0.0,0.0,0.0,0.0,0.0
6818,0.0,1.0,0.0,0.0,0.0,0.0,0.0,0.0,0.0,0.0,0.0,0.0,0.0,0.0,0.0,0.0,0.0,0.0,0.0,0.0
6272,0.0,1.0,1.0,0.0,0.0,0.0,0.0,0.0,0.0,0.0,1.0,1.0,0.0,0.0,0.0,0.0,0.0,1.0,0.0,1.0
6271,1.0,0.0,0.0,0.0,0.0,0.0,0.0,0.0,0.0,1.0,0.0,0.0,0.0,0.0,0.0,1.0,1.0,0.0,1.0,0.0
13361,0.0,1.0,1.0,0.0,0.0,1.0,1.0,1.0,1.0,1.0,1.0,1.0,1.0,1.0,1.0,1.0,1.0,1.0,0.0,1.0
13565,1.0,0.0,0.0,1.0,1.0,1.0,0.0,1.0,0.0,1.0,1.0,1.0,1.0,0.0,1.0,1.0,1.0,1.0,1.0,1.0
10287,2.0,2.0,1.0,2.0,2.0,2.0,2.0,2.0,2.0,3.0,2.0,2.0,2.0,2.0,2.0,2.0,2.0,2.0,2.0,2.0
27539,1.0,0.0,0.0,1.0,1.0,1.0,1.0,1.0,0.0,1.0,1.0,1.0,1.0,1.0,0.0,1.0,1.0,1.0,1.0,1.0
19838,2.0,0.0,0.0,2.0,2.0,1.0,1.0,1.0,1.0,2.0,3.0,2.0,2.0,1.0,1.0,2.0,3.0,2.0,3.0,2.0
8263,1.0,2.0,1.0,1.0,0.0,2.0,2.0,2.0,1.0,1.0,1.0,1.0,1.0,2.0,2.0,1.0,1.0,1.0,1.0,1.0
8260,0.0,0.0,0.0,0.0,0.0,0.0,0.0,0.0,0.0,0.0,0.0,0.0,0.0,0.0,0.0,0.0,0.0,0.0,0.0,0.0
23404,0.0,0.0,0.0,0.0,0.0,0.0,0.0,0.0,0.0,0.0,0.0,0.0,0.0,0.0,0.0,0.0,0.0,0.0,0.0,0.0
23403,0.0,0.0,0.0,0.0,0.0,0.0,0.0,0.0,0.0,0.0,0.0,0.0,0.0,0.0,0.0,0.0,0.0,0.0,0.0,0.0
8264,1.0,2.0,1.0,1.0,0.0,2.0,2.0,2.0,1.0,1.0,1.0,1.0,1.0,2.0,2.0,1.0,1.0,1.0,1.0,1.0
3039,0.0,0.0,0.0,1.0,1.0,0.0,0.0,0.0,0.0,0.0,1.0,1.0,0.0,0.0,0.0,0.0,0.0,1.0,0.0,1.0
1856,0.0,3.0,2.0,0.0,0.0,3.0,3.0,2.0,3.0,0.0,0.0,0.0,3.0,4.0,3.0,0.0,0.0,0.0,0.0,0.0
9501,1.0,1.0,0.0,1.0,1.0,1.0,1.0,1.0,1.0,1.0,1.0,1.0,1.0,1.0,1.0,1.0,1.0,1.0,1.0,1.0
21736,4.0,1.0,0.0,4.0,4.0,2.0,2.0,2.0,1.0,4.0,4.0,3.0,3.0,2.0,2.0,4.0,4.0,4.0,4.0,3.0
15309,0.0,1.0,0.0,0.0,0.0,0.0,0.0,0.0,0.0,0.0,0.0,0.0,0.0,0.0,0.0,0.0,0.0,0.0,0.0,0.0
13582,0.0,0.0,0.0,0.0,0.0,0.0,0.0,0.0,0.0,0.0,0.0,0.0,0.0,0.0,0.0,0.0,0.0,0.0,0.0,0.0
13309,3.0,1.0,0.0,4.0,3.0,2.0,2.0,2.0,1.0,4.0,3.0,2.0,3.0,3.0,2.0,3.0,3.0,3.0,3.0,3.0
28888,5.0,1.0,0.0,5.0,4.0,3.0,4.0,4.0,2.0,5.0,5.0,3.0,4.0,2.0,2.0,5.0,4.0,5.0,7.0,3.0
22355,0.0,0.0,0.0,0.0,0.0,0.0,0.0,0.0,0.0,0.0,0.0,0.0,0.0,0.0,0.0,0.0,0.0,0.0,0.0,0.0
14440,0.0,2.0,1.0,0.0,0.0,1.0,1.0,1.0,1.0,0.0,0.0,0.0,1.0,1.0,1.0,0.0,0.0,0.0,0.0,0.0
1854,0.0,3.0,2.0,0.0,0.0,3.0,3.0,2.0,3.0,0.0,0.0,0.0,3.0,4.0,3.0,0.0,0.0,0.0,0.0,0.0
1853,0.0,3.0,2.0,0.0,0.0,3.0,3.0,2.0,3.0,0.0,0.0,0.0,3.0,4.0,3.0,0.0,0.0,0.0,0.0,0.0
15808,0.0,0.0,0.0,0.0,0.0,0.0,0.0,0.0,0.0,0.0,0.0,0.0,0.0,0.0,0.0,0.0,0.0,0.0,0.0,0.0
15300,0.0,0.0,0.0,0.0,0.0,0.0,0.0,0.0,0.0,0.0,0.0,0.0,0.0,0.0,0.0,0.0,0.0,0.0,0.0,0.0
28884,0.0,0.0,0.0,0.0,0.0,0.0,0.0,0.0,0.0,0.0,0.0,0.0,0.0,0.0,0.0,0.0,0.0,0.0,0.0,0.0
15807,0.0,0.0,0.0,0.0,0.0,0.0,0.0,0.0,0.0,0.0,0.0,0.0,0.0,0.0,0.0,0.0,0.0,0.0,0.0,0.0
8257,0.0,0.0,0.0,0.0,0.0,0.0,0.0,0.0,0.0,0.0,0.0,0.0,0.0,0.0,0.0,0.0,0.0,0.0,0.0,0.0
3041,0.0,1.0,0.0,0.0,0.0,0.0,0.0,0.0,0.0,0.0,0.0,0.0,0.0,0.0,0.0,0.0,0.0,0.0,0.0,0.0
6050,1.0,3.0,2.0,1.0,1.0,3.0,3.0,3.0,3.0,1.0,1.0,2.0,3.0,3.0,4.0,2.0,1.0,1.0,1.0,2.0
3042,0.0,1.0,0.0,0.0,0.0,0.0,0.0,0.0,0.0,0.0,0.0,0.0,0.0,0.0,0.0,0.0,0.0,0.0,0.0,0.0
13586,2.0,2.0,1.0,2.0,2.0,2.0,2.0,2.0,2.0,2.0,2.0,2.0,2.0,2.0,2.0,2.0,2.0,2.0,2.0,2.0
19786,0.0,0.0,0.0,0.0,0.0,0.0,0.0,0.0,0.0,0.0,0.0,0.0,0.0,0.0,0.0,0.0,0.0,0.0,0.0,0.0
23604,0.0,1.0,0.0,0.0,0.0,0.0,0.0,0.0,0.0,0.0,0.0,0.0,0.0,0.0,0.0,0.0,0.0,0.0,0.0,0.0
18582,0.0,1.0,0.0,0.0,0.0,1.0,0.0,0.0,0.0,1.0,0.0,0.0,0.0,0.0,0.0,1.0,1.0,0.0,0.0,1.0
23603,0.0,1.0,0.0,0.0,0.0,0.0,0.0,0.0,0.0,0.0,0.0,0.0,0.0,0.0,0.0,0.0,0.0,0.0,0.0,0.0
18585,0.0,1.0,0.0,0.0,0.0,1.0,0.0,0.0,0.0,1.0,0.0,0.0,0.0,0.0,0.0,1.0,1.0,0.0,0.0,1.0
23411,6.0,4.0,3.0,6.0,5.0,5.0,5.0,6.0,4.0,6.0,6.0,6.0,6.0,5.0,6.0,7.0,7.0,6.0,5.0,6.0
2514,0.0,1.0,0.0,0.0,0.0,0.0,0.0,0.0,0.0,0.0,0.0,0.0,0.0,0.0,0.0,0.0,0.0,0.0,0.0,0.0
18584,0.0,1.0,1.0,0.0,0.0,0.0,0.0,0.0,0.0,0.0,1.0,1.0,1.0,0.0,1.0,0.0,0.0,1.0,0.0,1.0
9535,1.0,1.0,0.0,1.0,0.0,1.0,1.0,1.0,1.0,1.0,0.0,0.0,1.0,1.0,1.0,1.0,1.0,1.0,0.0,1.0
3463,1.0,0.0,0.0,1.0,1.0,1.0,1.0,1.0,0.0,1.0,1.0,1.0,1.0,1.0,1.0,1.0,1.0,1.0,1.0,1.0
4704,0.0,3.0,4.0,1.0,1.0,1.0,1.0,0.0,2.0,1.0,1.0,2.0,1.0,2.0,2.0,1.0,1.0,1.0,1.0,1.0
12641,3.0,0.0,0.0,3.0,3.0,1.0,2.0,2.0,1.0,3.0,3.0,2.0,3.0,2.0,2.0,3.0,3.0,2.0,2.0,3.0
28893,4.0,0.0,0.0,4.0,3.0,2.0,3.0,4.0,1.0,4.0,4.0,2.0,4.0,1.0,2.0,4.0,4.0,3.0,4.0,2.0
8284,0.0,1.0,0.0,0.0,0.0,0.0,0.0,0.0,0.0,0.0,0.0,0.0,0.0,0.0,0.0,0.0,0.0,0.0,0.0,0.0
8282,0.0,1.0,0.0,0.0,0.0,0.0,0.0,0.0,0.0,0.0,0.0,0.0,0.0,0.0,0.0,0.0,0.0,0.0,0.0,0.0
8993,0.0,0.0,0.0,0.0,0.0,0.0,0.0,0.0,0.0,0.0,0.0,0.0,0.0,0.0,0.0,0.0,0.0,0.0,0.0,0.0
8992,2.0,1.0,0.0,1.0,1.0,1.0,1.0,1.0,1.0,2.0,1.0,1.0,1.0,1.0,1.0,2.0,2.0,1.0,1.0,1.0
8991,4.0,0.0,0.0,4.0,4.0,2.0,4.0,4.0,2.0,5.0,4.0,2.0,4.0,2.0,2.0,5.0,4.0,4.0,4.0,3.0
15835,0.0,0.0,0.0,1.0,1.0,0.0,0.0,0.0,0.0,0.0,1.0,1.0,0.0,0.0,0.0,1.0,1.0,0.0,1.0,1.0
15836,0.0,0.0,0.0,1.0,1.0,0.0,0.0,0.0,0.0,0.0,1.0,1.0,0.0,0.0,0.0,1.0,1.0,0.0,1.0,1.0
28487,0.0,0.0,0.0,0.0,0.0,0.0,0.0,0.0,0.0,0.0,0.0,0.0,0.0,0.0,0.0,0.0,0.0,0.0,0.0,0.0
19565,0.0,1.0,0.0,0.0,0.0,0.0,0.0,0.0,0.0,0.0,0.0,0.0,0.0,0.0,0.0,0.0,0.0,0.0,0.0,0.0
19566,0.0,1.0,0.0,0.0,0.0,0.0,0.0,0.0,0.0,0.0,0.0,0.0,0.0,0.0,0.0,0.0,0.0,0.0,0.0,0.0
19767,1.0,1.0,0.0,1.0,1.0,1.0,1.0,0.0,1.0,1.0,1.0,1.0,1.0,1.0,1.0,1.0,1.0,1.0,1.0,1.0
19768,1.0,2.0,1.0,1.0,1.0,1.0,2.0,1.0,1.0,1.0,1.0,1.0,1.0,2.0,1.0,1.0,1.0,1.0,1.0,1.0
19769,1.0,2.0,1.0,1.0,1.0,1.0,2.0,1.0,1.0,1.0,1.0,1.0,1.0,2.0,1.0,1.0,1.0,1.0,1.0,1.0
28484,0.0,0.0,0.0,0.0,0.0,0.0,0.0,0.0,0.0,0.0,0.0,0.0,0.0,0.0,0.0,0.0,0.0,0.0,0.0,0.0
6855,0.0,0.0,0.0,0.0,0.0,0.0,0.0,0.0,0.0,0.0,0.0,0.0,0.0,0.0,0.0,0.0,0.0,0.0,0.0,0.0
1681,2.0,4.0,4.0,1.0,1.0,4.0,1.0,1.0,3.0,2.0,3.0,5.0,2.0,2.0,3.0,2.0,2.0,2.0,2.0,3.0
6854,0.0,0.0,0.0,0.0,0.0,0.0,0.0,0.0,0.0,0.0,0.0,0.0,0.0,0.0,0.0,0.0,0.0,0.0,0.0,0.0
21752,0.0,0.0,0.0,0.0,0.0,0.0,0.0,0.0,0.0,0.0,0.0,0.0,0.0,0.0,0.0,0.0,0.0,0.0,0.0,0.0
14460,0.0,0.0,0.0,0.0,0.0,0.0,0.0,0.0,0.0,0.0,0.0,0.0,0.0,0.0,0.0,0.0,0.0,0.0,0.0,0.0
8272,1.0,2.0,1.0,1.0,0.0,2.0,2.0,2.0,1.0,1.0,1.0,1.0,1.0,2.0,2.0,1.0,1.0,1.0,1.0,1.0
3725,0.0,0.0,0.0,0.0,0.0,0.0,0.0,0.0,0.0,0.0,0.0,0.0,0.0,0.0,0.0,0.0,0.0,0.0,0.0,0.0
28664,0.0,2.0,1.0,0.0,0.0,1.0,1.0,1.0,1.0,0.0,0.0,0.0,1.0,1.0,1.0,0.0,0.0,0.0,0.0,0.0
3089,0.0,0.0,0.0,0.0,0.0,0.0,0.0,0.0,0.0,0.0,0.0,0.0,0.0,0.0,0.0,0.0,0.0,0.0,0.0,0.0
3088,0.0,0.0,0.0,0.0,0.0,0.0,0.0,0.0,0.0,0.0,0.0,0.0,0.0,0.0,0.0,0.0,0.0,0.0,0.0,0.0
17686,0.0,0.0,0.0,0.0,0.0,0.0,0.0,0.0,0.0,0.0,0.0,0.0,0.0,0.0,0.0,0.0,0.0,0.0,0.0,0.0
3923,3.0,2.0,1.0,3.0,3.0,2.0,3.0,2.0,2.0,3.0,3.0,3.0,3.0,3.0,2.0,3.0,3.0,3.0,3.0,3.0
7744,6.0,3.0,3.0,7.0,7.0,4.0,2.0,2.0,3.0,7.0,4.0,5.0,3.0,3.0,4.0,4.0,5.0,5.0,4.0,4.0
3712,3.0,2.0,1.0,3.0,3.0,2.0,2.0,2.0,2.0,3.0,3.0,3.0,2.0,2.0,2.0,3.0,3.0,3.0,3.0,3.0
7741,0.0,0.0,0.0,0.0,0.0,0.0,0.0,0.0,0.0,0.0,0.0,0.0,0.0,0.0,0.0,0.0,0.0,0.0,0.0,0.0
18493,0.0,0.0,0.0,0.0,0.0,0.0,0.0,0.0,0.0,0.0,0.0,0.0,0.0,0.0,0.0,0.0,0.0,0.0,0.0,0.0
7743,0.0,0.0,0.0,0.0,0.0,0.0,0.0,0.0,0.0,0.0,0.0,0.0,0.0,0.0,0.0,0.0,0.0,0.0,0.0,0.0
18943,1.0,0.0,0.0,1.0,1.0,0.0,0.0,0.0,0.0,1.0,1.0,1.0,0.0,0.0,0.0,1.0,1.0,1.0,1.0,1.0
9886,1.0,2.0,1.0,2.0,2.0,2.0,2.0,1.0,2.0,2.0,2.0,2.0,2.0,2.0,2.0,2.0,3.0,2.0,2.0,2.0
9888,1.0,2.0,1.0,2.0,2.0,2.0,2.0,1.0,2.0,2.0,2.0,2.0,2.0,2.0,2.0,2.0,3.0,2.0,2.0,2.0
9887,1.0,2.0,1.0,2.0,2.0,2.0,2.0,1.0,2.0,2.0,2.0,2.0,2.0,2.0,2.0,2.0,3.0,2.0,2.0,2.0
11441,0.0,0.0,0.0,0.0,0.0,0.0,0.0,0.0,0.0,0.0,0.0,0.0,0.0,0.0,0.0,0.0,0.0,0.0,0.0,0.0
23392,0.0,0.0,0.0,0.0,0.0,0.0,0.0,0.0,0.0,0.0,0.0,0.0,0.0,0.0,0.0,0.0,0.0,0.0,0.0,0.0
23391,0.0,0.0,0.0,0.0,0.0,0.0,0.0,0.0,0.0,0.0,0.0,0.0,0.0,0.0,0.0,0.0,0.0,0.0,0.0,0.0
15759,3.0,1.0,0.0,3.0,3.0,1.0,2.0,2.0,1.0,3.0,3.0,2.0,2.0,3.0,2.0,3.0,3.0,3.0,3.0,3.0
19083,0.0,1.0,0.0,0.0,0.0,0.0,0.0,0.0,0.0,0.0,0.0,0.0,0.0,0.0,0.0,0.0,0.0,0.0,0.0,0.0
19084,0.0,1.0,0.0,0.0,0.0,0.0,0.0,0.0,0.0,0.0,0.0,0.0,0.0,0.0,0.0,0.0,0.0,0.0,0.0,0.0
19737,4.0,1.0,0.0,4.0,4.0,2.0,3.0,3.0,2.0,5.0,5.0,3.0,4.0,3.0,3.0,4.0,5.0,5.0,6.0,4.0
28637,0.0,0.0,0.0,0.0,0.0,0.0,0.0,0.0,0.0,0.0,0.0,0.0,0.0,0.0,0.0,0.0,0.0,0.0,0.0,0.0
28638,0.0,0.0,0.0,0.0,0.0,0.0,0.0,0.0,0.0,0.0,0.0,0.0,0.0,0.0,0.0,0.0,0.0,0.0,0.0,0.0
25416,0.0,0.0,0.0,0.0,0.0,0.0,0.0,0.0,0.0,0.0,0.0,0.0,0.0,0.0,0.0,0.0,0.0,0.0,0.0,0.0
11837,0.0,0.0,0.0,0.0,0.0,0.0,0.0,0.0,0.0,0.0,0.0,0.0,0.0,0.0,0.0,0.0,0.0,0.0,0.0,0.0
11838,0.0,0.0,0.0,0.0,0.0,0.0,0.0,0.0,0.0,0.0,0.0,0.0,0.0,0.0,0.0,0.0,0.0,0.0,0.0,0.0
21144,3.0,2.0,1.0,3.0,3.0,2.0,2.0,2.0,2.0,3.0,3.0,3.0,2.0,2.0,2.0,3.0,3.0,3.0,3.0,3.0
16897,0.0,0.0,0.0,0.0,0.0,0.0,0.0,0.0,0.0,0.0,0.0,0.0,0.0,0.0,0.0,0.0,0.0,0.0,0.0,0.0
7988,0.0,2.0,1.0,0.0,0.0,1.0,1.0,1.0,1.0,0.0,0.0,0.0,1.0,1.0,1.0,0.0,0.0,0.0,0.0,0.0
7989,0.0,2.0,1.0,0.0,0.0,1.0,1.0,1.0,1.0,0.0,0.0,0.0,1.0,1.0,1.0,0.0,0.0,0.0,0.0,0.0
7986,1.0,0.0,0.0,1.0,1.0,1.0,1.0,1.0,0.0,1.0,1.0,1.0,1.0,1.0,1.0,1.0,1.0,1.0,1.0,1.0
7987,0.0,2.0,1.0,0.0,0.0,1.0,1.0,1.0,1.0,0.0,0.0,0.0,1.0,1.0,1.0,0.0,0.0,0.0,0.0,0.0
9076,6.0,2.0,1.0,7.0,8.0,4.0,5.0,5.0,3.0,7.0,6.0,4.0,6.0,4.0,4.0,6.0,6.0,5.0,6.0,5.0
25070,0.0,0.0,0.0,0.0,0.0,0.0,0.0,0.0,0.0,0.0,0.0,0.0,0.0,0.0,0.0,0.0,0.0,0.0,0.0,0.0
25071,0.0,0.0,0.0,0.0,0.0,0.0,0.0,0.0,0.0,0.0,0.0,0.0,0.0,0.0,0.0,0.0,0.0,0.0,0.0,0.0
18262,1.0,3.0,2.0,1.0,1.0,3.0,3.0,3.0,3.0,1.0,1.0,2.0,3.0,3.0,4.0,2.0,1.0,1.0,1.0,2.0
18263,1.0,4.0,4.0,0.0,0.0,4.0,2.0,2.0,4.0,1.0,1.0,2.0,2.0,3.0,3.0,1.0,1.0,1.0,2.0,2.0
12573,3.0,0.0,0.0,3.0,3.0,2.0,3.0,4.0,1.0,3.0,3.0,2.0,2.0,1.0,1.0,3.0,3.0,2.0,2.0,2.0
18451,1.0,0.0,0.0,2.0,2.0,1.0,1.0,1.0,0.0,2.0,2.0,2.0,1.0,1.0,1.0,2.0,2.0,3.0,3.0,2.0
21297,1.0,0.0,0.0,1.0,1.0,1.0,1.0,1.0,0.0,0.0,1.0,1.0,1.0,1.0,1.0,1.0,1.0,1.0,0.0,1.0
25474,0.0,0.0,0.0,0.0,0.0,0.0,0.0,0.0,0.0,0.0,0.0,0.0,0.0,0.0,0.0,0.0,0.0,0.0,0.0,0.0
4460,0.0,0.0,0.0,0.0,0.0,0.0,0.0,0.0,0.0,1.0,0.0,0.0,0.0,0.0,0.0,0.0,0.0,1.0,0.0,0.0
18253,3.0,2.0,1.0,1.0,1.0,3.0,3.0,3.0,3.0,2.0,2.0,2.0,3.0,2.0,2.0,3.0,2.0,2.0,1.0,2.0
18255,2.0,3.0,2.0,1.0,1.0,3.0,2.0,2.0,2.0,2.0,2.0,3.0,3.0,2.0,2.0,2.0,2.0,2.0,1.0,2.0
12588,0.0,2.0,1.0,1.0,1.0,1.0,1.0,1.0,1.0,1.0,0.0,0.0,1.0,1.0,1.0,0.0,0.0,1.0,1.0,0.0
3959,0.0,0.0,0.0,0.0,0.0,0.0,0.0,0.0,0.0,0.0,0.0,0.0,0.0,0.0,0.0,0.0,0.0,0.0,0.0,0.0
5717,1.0,1.0,1.0,1.0,1.0,1.0,0.0,0.0,0.0,1.0,1.0,1.0,1.0,1.0,1.0,1.0,1.0,1.0,1.0,1.0
5718,2.0,3.0,2.0,2.0,2.0,3.0,2.0,2.0,2.0,2.0,2.0,3.0,2.0,2.0,2.0,2.0,2.0,2.0,2.0,2.0
5719,0.0,0.0,0.0,1.0,1.0,0.0,0.0,0.0,0.0,1.0,1.0,1.0,0.0,0.0,0.0,1.0,1.0,1.0,1.0,1.0
12592,0.0,2.0,1.0,1.0,1.0,1.0,1.0,1.0,1.0,1.0,0.0,0.0,1.0,1.0,1.0,0.0,0.0,1.0,1.0,0.0
12591,0.0,2.0,2.0,0.0,0.0,1.0,1.0,1.0,1.0,0.0,1.0,1.0,1.0,1.0,1.0,0.0,0.0,1.0,1.0,1.0
18249,1.0,0.0,0.0,2.0,2.0,1.0,1.0,1.0,1.0,2.0,1.0,1.0,2.0,1.0,1.0,2.0,1.0,2.0,1.0,2.0
7774,0.0,2.0,1.0,1.0,1.0,1.0,1.0,1.0,1.0,1.0,0.0,0.0,1.0,1.0,1.0,0.0,0.0,1.0,1.0,0.0
7967,0.0,0.0,0.0,0.0,0.0,0.0,0.0,0.0,0.0,0.0,0.0,0.0,0.0,0.0,0.0,0.0,0.0,0.0,0.0,0.0
5512,1.0,1.0,1.0,1.0,1.0,1.0,1.0,1.0,1.0,1.0,1.0,1.0,1.0,1.0,1.0,1.0,1.0,1.0,1.0,1.0
7971,5.0,1.0,0.0,5.0,6.0,3.0,4.0,5.0,2.0,6.0,5.0,3.0,5.0,3.0,2.0,6.0,4.0,4.0,4.0,3.0
4050,0.0,1.0,0.0,0.0,0.0,0.0,0.0,0.0,0.0,0.0,0.0,0.0,0.0,0.0,0.0,0.0,0.0,0.0,0.0,0.0
4278,1.0,0.0,0.0,1.0,1.0,1.0,0.0,1.0,0.0,1.0,1.0,1.0,1.0,0.0,1.0,1.0,1.0,1.0,1.0,1.0
5517,0.0,0.0,0.0,0.0,0.0,0.0,0.0,0.0,0.0,0.0,0.0,0.0,0.0,0.0,0.0,0.0,0.0,0.0,0.0,0.0
4051,0.0,0.0,0.0,0.0,0.0,0.0,0.0,0.0,0.0,0.0,0.0,0.0,0.0,0.0,0.0,0.0,0.0,0.0,0.0,0.0
18244,2.0,3.0,2.0,1.0,1.0,3.0,2.0,2.0,3.0,2.0,2.0,3.0,3.0,2.0,2.0,2.0,2.0,2.0,1.0,2.0
22490,2.0,1.0,0.0,2.0,1.0,1.0,1.0,1.0,1.0,1.0,1.0,1.0,1.0,1.0,1.0,1.0,1.0,1.0,1.0,1.0
17632,0.0,0.0,0.0,0.0,0.0,0.0,0.0,0.0,0.0,0.0,0.0,0.0,0.0,0.0,0.0,0.0,0.0,0.0,0.0,0.0
17630,0.0,0.0,0.0,0.0,0.0,0.0,0.0,0.0,0.0,0.0,0.0,0.0,0.0,0.0,0.0,0.0,0.0,0.0,0.0,0.0
5722,1.0,0.0,0.0,1.0,1.0,1.0,1.0,1.0,1.0,1.0,1.0,1.0,1.0,1.0,1.0,1.0,1.0,1.0,1.0,1.0
12147,0.0,0.0,0.0,0.0,0.0,0.0,0.0,0.0,0.0,0.0,0.0,0.0,0.0,0.0,0.0,0.0,0.0,0.0,0.0,0.0
24726,1.0,0.0,0.0,1.0,1.0,1.0,1.0,1.0,0.0,1.0,1.0,1.0,1.0,0.0,0.0,1.0,1.0,1.0,1.0,1.0
12146,0.0,0.0,0.0,0.0,0.0,0.0,0.0,0.0,0.0,0.0,0.0,0.0,0.0,0.0,0.0,0.0,0.0,0.0,0.0,0.0
5721,0.0,0.0,0.0,1.0,1.0,0.0,0.0,0.0,0.0,1.0,1.0,1.0,0.0,0.0,0.0,1.0,1.0,1.0,1.0,1.0
15515,0.0,0.0,0.0,0.0,0.0,0.0,0.0,0.0,0.0,0.0,0.0,0.0,0.0,0.0,0.0,0.0,0.0,0.0,0.0,0.0
9080,6.0,2.0,1.0,7.0,8.0,4.0,5.0,5.0,3.0,7.0,6.0,4.0,6.0,4.0,4.0,6.0,6.0,5.0,6.0,5.0
15516,0.0,0.0,0.0,0.0,0.0,0.0,0.0,0.0,0.0,0.0,0.0,0.0,0.0,0.0,0.0,0.0,0.0,0.0,0.0,0.0
14900,0.0,0.0,0.0,0.0,0.0,0.0,0.0,0.0,0.0,0.0,0.0,0.0,0.0,0.0,0.0,0.0,0.0,0.0,0.0,0.0
18437,0.0,0.0,0.0,0.0,0.0,0.0,0.0,0.0,0.0,0.0,0.0,0.0,0.0,0.0,0.0,0.0,0.0,0.0,0.0,0.0
18436,1.0,0.0,0.0,1.0,1.0,1.0,1.0,1.0,1.0,1.0,1.0,1.0,1.0,1.0,1.0,1.0,1.0,1.0,1.0,1.0
18438,0.0,0.0,0.0,0.0,0.0,0.0,0.0,0.0,0.0,0.0,0.0,0.0,0.0,0.0,0.0,0.0,0.0,0.0,0.0,0.0
13669,0.0,0.0,0.0,0.0,0.0,0.0,0.0,0.0,0.0,0.0,0.0,0.0,0.0,0.0,0.0,0.0,0.0,0.0,0.0,0.0
26161,0.0,0.0,0.0,0.0,0.0,0.0,0.0,0.0,0.0,0.0,0.0,0.0,0.0,0.0,0.0,0.0,0.0,0.0,0.0,0.0
5161,2.0,0.0,0.0,2.0,2.0,1.0,1.0,2.0,1.0,2.0,2.0,1.0,2.0,1.0,2.0,2.0,2.0,2.0,1.0,2.0
17608,0.0,0.0,0.0,0.0,0.0,0.0,0.0,0.0,0.0,0.0,0.0,0.0,0.0,0.0,0.0,0.0,0.0,0.0,0.0,0.0
29595,0.0,0.0,0.0,0.0,0.0,0.0,0.0,0.0,0.0,0.0,0.0,0.0,0.0,0.0,0.0,0.0,0.0,0.0,0.0,0.0
17609,0.0,0.0,0.0,0.0,0.0,0.0,0.0,0.0,0.0,0.0,0.0,0.0,0.0,0.0,0.0,0.0,0.0,0.0,0.0,0.0
14026,0.0,2.0,1.0,0.0,0.0,1.0,1.0,1.0,1.0,0.0,0.0,0.0,1.0,1.0,1.0,0.0,0.0,0.0,0.0,0.0
14025,0.0,2.0,1.0,0.0,0.0,1.0,1.0,1.0,1.0,0.0,0.0,0.0,1.0,1.0,1.0,0.0,0.0,0.0,0.0,0.0
1100,0.0,0.0,0.0,0.0,0.0,0.0,0.0,0.0,0.0,0.0,0.0,0.0,0.0,0.0,0.0,0.0,0.0,0.0,0.0,0.0
14022,0.0,2.0,1.0,0.0,0.0,1.0,1.0,1.0,1.0,0.0,0.0,0.0,1.0,1.0,1.0,0.0,0.0,0.0,0.0,0.0
5541,1.0,0.0,0.0,0.0,0.0,0.0,0.0,0.0,0.0,0.0,0.0,0.0,0.0,0.0,0.0,1.0,1.0,0.0,0.0,0.0
14024,0.0,2.0,1.0,0.0,0.0,1.0,1.0,1.0,1.0,0.0,0.0,0.0,1.0,1.0,1.0,0.0,0.0,0.0,0.0,0.0
16859,0.0,0.0,0.0,0.0,0.0,0.0,0.0,0.0,0.0,0.0,0.0,0.0,0.0,0.0,0.0,0.0,0.0,0.0,0.0,0.0
8525,0.0,1.0,0.0,0.0,0.0,0.0,0.0,0.0,0.0,0.0,0.0,0.0,0.0,0.0,0.0,0.0,0.0,0.0,0.0,0.0
8526,0.0,1.0,0.0,0.0,0.0,0.0,0.0,0.0,0.0,0.0,0.0,0.0,0.0,0.0,0.0,0.0,0.0,0.0,0.0,0.0
5159,2.0,0.0,0.0,2.0,2.0,1.0,1.0,2.0,1.0,2.0,2.0,1.0,2.0,1.0,2.0,2.0,2.0,2.0,1.0,2.0
8546,1.0,1.0,0.0,1.0,1.0,1.0,1.0,1.0,1.0,1.0,1.0,1.0,1.0,1.0,1.0,1.0,1.0,1.0,1.0,1.0
30104,0.0,1.0,0.0,0.0,0.0,0.0,0.0,0.0,0.0,0.0,0.0,0.0,0.0,0.0,0.0,0.0,0.0,0.0,0.0,0.0
8545,1.0,0.0,0.0,1.0,1.0,1.0,0.0,1.0,0.0,1.0,1.0,1.0,1.0,0.0,1.0,1.0,1.0,1.0,1.0,1.0
8544,1.0,0.0,0.0,1.0,1.0,1.0,1.0,1.0,0.0,1.0,1.0,1.0,1.0,0.0,0.0,1.0,1.0,1.0,1.0,1.0
8543,1.0,2.0,2.0,1.0,1.0,1.0,0.0,0.0,1.0,1.0,1.0,2.0,1.0,1.0,1.0,1.0,1.0,1.0,1.0,1.0
10535,2.0,1.0,0.0,1.0,2.0,1.0,1.0,1.0,1.0,2.0,2.0,2.0,2.0,1.0,1.0,2.0,3.0,2.0,2.0,2.0
10534,2.0,1.0,0.0,1.0,2.0,1.0,1.0,1.0,1.0,2.0,2.0,2.0,2.0,1.0,1.0,2.0,3.0,2.0,2.0,2.0
5938,0.0,0.0,0.0,0.0,0.0,0.0,0.0,0.0,0.0,0.0,0.0,0.0,0.0,0.0,0.0,0.0,0.0,0.0,0.0,0.0
22700,1.0,0.0,0.0,1.0,2.0,1.0,1.0,1.0,0.0,1.0,1.0,1.0,1.0,1.0,2.0,1.0,1.0,1.0,1.0,1.0
13671,0.0,0.0,0.0,0.0,0.0,0.0,0.0,0.0,0.0,0.0,0.0,0.0,0.0,0.0,0.0,0.0,0.0,0.0,0.0,0.0
10146,3.0,0.0,0.0,3.0,3.0,2.0,4.0,4.0,1.0,3.0,3.0,2.0,3.0,2.0,2.0,5.0,3.0,3.0,3.0,3.0
4693,0.0,1.0,0.0,0.0,0.0,0.0,0.0,0.0,0.0,0.0,0.0,0.0,0.0,0.0,0.0,0.0,0.0,0.0,0.0,0.0
10147,2.0,4.0,3.0,3.0,3.0,2.0,1.0,1.0,3.0,3.0,3.0,5.0,2.0,4.0,3.0,3.0,4.0,3.0,4.0,4.0
4691,0.0,1.0,1.0,0.0,0.0,0.0,0.0,0.0,0.0,0.0,1.0,1.0,0.0,0.0,0.0,0.0,0.0,0.0,0.0,0.0
4692,1.0,0.0,0.0,1.0,0.0,0.0,0.0,0.0,0.0,0.0,0.0,0.0,0.0,0.0,0.0,1.0,1.0,0.0,0.0,0.0
10525,1.0,0.0,0.0,0.0,0.0,0.0,0.0,0.0,0.0,1.0,1.0,1.0,0.0,0.0,0.0,1.0,1.0,1.0,0.0,1.0
23582,1.0,0.0,0.0,0.0,0.0,0.0,0.0,0.0,0.0,0.0,0.0,0.0,0.0,0.0,0.0,1.0,1.0,1.0,0.0,1.0
10526,1.0,0.0,0.0,0.0,0.0,0.0,0.0,0.0,0.0,1.0,1.0,1.0,0.0,0.0,0.0,1.0,1.0,1.0,0.0,1.0
26990,0.0,0.0,0.0,0.0,0.0,0.0,0.0,0.0,0.0,0.0,0.0,0.0,0.0,0.0,0.0,0.0,0.0,0.0,0.0,0.0
5144,0.0,0.0,0.0,0.0,0.0,0.0,0.0,0.0,0.0,0.0,0.0,0.0,0.0,0.0,0.0,0.0,0.0,0.0,0.0,0.0
5145,0.0,0.0,0.0,0.0,0.0,0.0,0.0,0.0,0.0,0.0,0.0,0.0,0.0,0.0,0.0,0.0,0.0,0.0,0.0,0.0
27115,0.0,0.0,0.0,0.0,0.0,0.0,0.0,0.0,0.0,0.0,0.0,0.0,0.0,0.0,0.0,0.0,0.0,0.0,0.0,0.0
22995,0.0,0.0,0.0,0.0,0.0,0.0,0.0,0.0,0.0,0.0,0.0,0.0,0.0,0.0,0.0,0.0,0.0,0.0,0.0,0.0
12179,0.0,0.0,0.0,0.0,0.0,0.0,0.0,0.0,0.0,0.0,0.0,0.0,0.0,0.0,0.0,0.0,0.0,0.0,0.0,0.0
26732,0.0,0.0,0.0,0.0,0.0,0.0,0.0,0.0,0.0,0.0,0.0,0.0,0.0,0.0,0.0,0.0,0.0,0.0,0.0,0.0
26731,0.0,0.0,0.0,0.0,0.0,0.0,0.0,0.0,0.0,0.0,0.0,0.0,0.0,0.0,0.0,0.0,0.0,0.0,0.0,0.0
16878,5.0,1.0,0.0,5.0,4.0,3.0,4.0,4.0,2.0,5.0,4.0,3.0,4.0,2.0,2.0,5.0,4.0,4.0,5.0,3.0
25484,0.0,0.0,0.0,0.0,0.0,0.0,0.0,0.0,0.0,0.0,0.0,0.0,0.0,0.0,0.0,0.0,0.0,0.0,0.0,0.0
27318,0.0,2.0,1.0,0.0,0.0,1.0,1.0,1.0,1.0,1.0,0.0,0.0,1.0,1.0,1.0,1.0,1.0,1.0,0.0,1.0
8549,1.0,0.0,0.0,1.0,1.0,1.0,0.0,1.0,0.0,1.0,1.0,1.0,1.0,0.0,1.0,1.0,1.0,1.0,1.0,1.0
594,0.0,1.0,1.0,0.0,0.0,0.0,0.0,0.0,0.0,0.0,1.0,1.0,0.0,0.0,0.0,0.0,0.0,1.0,0.0,1.0
5152,0.0,1.0,0.0,0.0,0.0,0.0,0.0,0.0,0.0,0.0,0.0,0.0,0.0,0.0,0.0,0.0,0.0,0.0,0.0,0.0
5153,0.0,1.0,0.0,0.0,0.0,0.0,0.0,0.0,0.0,0.0,0.0,0.0,0.0,0.0,0.0,0.0,0.0,0.0,0.0,0.0
17147,0.0,0.0,0.0,0.0,0.0,0.0,0.0,0.0,0.0,0.0,0.0,0.0,0.0,0.0,0.0,0.0,0.0,0.0,0.0,0.0
7526,1.0,1.0,0.0,1.0,1.0,1.0,1.0,1.0,1.0,1.0,0.0,0.0,1.0,1.0,1.0,1.0,1.0,1.0,0.0,1.0
6672,0.0,0.0,0.0,0.0,0.0,0.0,0.0,0.0,0.0,0.0,0.0,0.0,0.0,0.0,0.0,0.0,0.0,0.0,0.0,0.0
7534,0.0,2.0,1.0,0.0,0.0,1.0,0.0,0.0,1.0,0.0,1.0,1.0,1.0,1.0,1.0,1.0,1.0,1.0,1.0,1.0
591,0.0,1.0,0.0,0.0,0.0,0.0,0.0,0.0,0.0,1.0,0.0,0.0,0.0,0.0,0.0,0.0,0.0,1.0,0.0,0.0
592,0.0,1.0,0.0,0.0,0.0,0.0,0.0,0.0,0.0,1.0,0.0,0.0,0.0,0.0,0.0,0.0,0.0,1.0,0.0,0.0
593,0.0,1.0,0.0,0.0,0.0,0.0,0.0,0.0,0.0,1.0,0.0,0.0,0.0,0.0,0.0,0.0,0.0,1.0,0.0,0.0
10501,0.0,2.0,1.0,0.0,0.0,1.0,1.0,1.0,1.0,0.0,1.0,1.0,1.0,1.0,1.0,0.0,0.0,1.0,1.0,1.0
16048,0.0,0.0,0.0,0.0,0.0,0.0,0.0,0.0,0.0,0.0,0.0,0.0,0.0,0.0,0.0,0.0,0.0,0.0,0.0,0.0
382,5.0,6.0,5.0,6.0,4.0,6.0,3.0,3.0,6.0,6.0,4.0,8.0,4.0,4.0,5.0,5.0,6.0,5.0,4.0,6.0
8774,0.0,2.0,1.0,0.0,0.0,1.0,1.0,1.0,1.0,0.0,1.0,1.0,1.0,1.0,1.0,0.0,0.0,1.0,1.0,1.0
17846,1.0,0.0,0.0,1.0,1.0,1.0,0.0,1.0,0.0,1.0,1.0,1.0,1.0,0.0,1.0,1.0,1.0,1.0,1.0,1.0
22738,0.0,0.0,0.0,0.0,0.0,0.0,0.0,0.0,0.0,0.0,0.0,0.0,0.0,0.0,0.0,0.0,0.0,0.0,0.0,0.0
16049,0.0,0.0,0.0,0.0,0.0,0.0,0.0,0.0,0.0,0.0,0.0,0.0,0.0,0.0,0.0,0.0,0.0,0.0,0.0,0.0
6664,0.0,0.0,0.0,0.0,0.0,0.0,0.0,0.0,0.0,0.0,0.0,0.0,0.0,0.0,0.0,0.0,0.0,0.0,0.0,0.0
27379,1.0,0.0,0.0,1.0,1.0,0.0,1.0,0.0,0.0,0.0,0.0,0.0,1.0,1.0,1.0,1.0,1.0,0.0,0.0,0.0
25276,0.0,0.0,0.0,0.0,0.0,0.0,0.0,0.0,0.0,0.0,0.0,0.0,0.0,0.0,0.0,0.0,0.0,0.0,0.0,0.0
7034,0.0,0.0,0.0,0.0,0.0,0.0,0.0,0.0,0.0,0.0,0.0,0.0,0.0,0.0,0.0,0.0,0.0,0.0,0.0,0.0
25274,0.0,0.0,0.0,0.0,0.0,0.0,0.0,0.0,0.0,0.0,0.0,0.0,0.0,0.0,0.0,0.0,0.0,0.0,0.0,0.0
30146,0.0,1.0,1.0,0.0,0.0,1.0,1.0,1.0,1.0,1.0,1.0,1.0,1.0,1.0,1.0,1.0,1.0,1.0,1.0,1.0
25275,0.0,0.0,0.0,0.0,0.0,0.0,0.0,0.0,0.0,0.0,0.0,0.0,0.0,0.0,0.0,0.0,0.0,0.0,0.0,0.0
27361,0.0,1.0,0.0,0.0,0.0,0.0,0.0,0.0,0.0,0.0,0.0,0.0,0.0,0.0,0.0,0.0,0.0,0.0,0.0,0.0
27362,0.0,1.0,0.0,0.0,0.0,0.0,0.0,0.0,0.0,0.0,0.0,0.0,0.0,0.0,0.0,0.0,0.0,0.0,0.0,0.0
14961,1.0,0.0,0.0,1.0,1.0,1.0,1.0,1.0,0.0,1.0,2.0,1.0,2.0,1.0,2.0,1.0,1.0,2.0,1.0,1.0
7031,0.0,0.0,0.0,0.0,0.0,0.0,0.0,0.0,0.0,0.0,0.0,0.0,0.0,0.0,0.0,0.0,0.0,0.0,0.0,0.0
7311,3.0,1.0,1.0,1.0,1.0,2.0,1.0,2.0,1.0,2.0,1.0,1.0,1.0,1.0,1.0,2.0,2.0,1.0,1.0,1.0
18983,0.0,0.0,0.0,0.0,0.0,0.0,0.0,0.0,0.0,0.0,0.0,0.0,0.0,0.0,0.0,0.0,0.0,0.0,0.0,0.0
7305,1.0,3.0,2.0,1.0,1.0,1.0,1.0,1.0,1.0,1.0,2.0,3.0,1.0,1.0,2.0,1.0,1.0,2.0,1.0,2.0
1140,0.0,0.0,0.0,0.0,0.0,0.0,0.0,0.0,0.0,0.0,0.0,0.0,0.0,0.0,0.0,0.0,0.0,0.0,0.0,0.0
29340,0.0,1.0,0.0,0.0,0.0,0.0,0.0,0.0,0.0,0.0,0.0,0.0,0.0,0.0,0.0,0.0,0.0,0.0,0.0,0.0
5599,0.0,0.0,0.0,0.0,0.0,0.0,0.0,0.0,0.0,0.0,0.0,0.0,0.0,0.0,0.0,0.0,0.0,0.0,0.0,0.0
6635,0.0,2.0,1.0,0.0,0.0,1.0,1.0,1.0,1.0,0.0,0.0,0.0,1.0,1.0,1.0,0.0,0.0,0.0,0.0,0.0
6633,0.0,2.0,1.0,0.0,0.0,1.0,1.0,1.0,1.0,0.0,0.0,0.0,1.0,1.0,1.0,0.0,0.0,0.0,0.0,0.0
6634,0.0,2.0,1.0,0.0,0.0,1.0,1.0,1.0,1.0,0.0,0.0,0.0,1.0,1.0,1.0,0.0,0.0,0.0,0.0,0.0
5382,1.0,0.0,0.0,1.0,1.0,0.0,0.0,0.0,0.0,1.0,1.0,1.0,1.0,1.0,1.0,1.0,1.0,1.0,1.0,1.0
5383,2.0,1.0,1.0,2.0,2.0,1.0,1.0,1.0,1.0,2.0,2.0,2.0,1.0,1.0,1.0,2.0,2.0,2.0,2.0,2.0
26385,1.0,0.0,0.0,1.0,1.0,1.0,1.0,1.0,0.0,0.0,1.0,1.0,1.0,1.0,1.0,1.0,1.0,0.0,1.0,1.0
1366,0.0,0.0,0.0,0.0,0.0,0.0,0.0,0.0,0.0,0.0,0.0,0.0,0.0,0.0,0.0,0.0,0.0,0.0,0.0,0.0
26776,1.0,0.0,0.0,1.0,1.0,1.0,0.0,1.0,0.0,1.0,1.0,1.0,0.0,0.0,1.0,1.0,1.0,1.0,1.0,1.0
16837,3.0,1.0,0.0,3.0,3.0,2.0,4.0,3.0,2.0,3.0,2.0,1.0,3.0,4.0,3.0,3.0,2.0,1.0,2.0,2.0
11893,0.0,0.0,0.0,0.0,0.0,0.0,0.0,0.0,0.0,0.0,0.0,0.0,0.0,0.0,0.0,0.0,0.0,0.0,0.0,0.0
22021,0.0,1.0,0.0,0.0,0.0,0.0,0.0,0.0,0.0,0.0,0.0,0.0,0.0,0.0,0.0,0.0,0.0,0.0,0.0,0.0
1364,0.0,0.0,0.0,0.0,0.0,0.0,0.0,0.0,0.0,0.0,0.0,0.0,0.0,0.0,0.0,0.0,0.0,0.0,0.0,0.0
1365,0.0,0.0,0.0,0.0,0.0,0.0,0.0,0.0,0.0,0.0,0.0,0.0,0.0,0.0,0.0,0.0,0.0,0.0,0.0,0.0
11691,0.0,0.0,0.0,0.0,0.0,0.0,0.0,0.0,0.0,0.0,0.0,0.0,0.0,0.0,0.0,0.0,0.0,0.0,0.0,0.0
11692,0.0,0.0,0.0,0.0,0.0,0.0,0.0,0.0,0.0,0.0,0.0,0.0,0.0,0.0,0.0,0.0,0.0,0.0,0.0,0.0
26778,1.0,0.0,0.0,1.0,1.0,1.0,0.0,1.0,0.0,1.0,1.0,1.0,0.0,0.0,1.0,1.0,1.0,1.0,1.0,1.0
11895,0.0,0.0,0.0,0.0,0.0,0.0,0.0,0.0,0.0,0.0,0.0,0.0,0.0,0.0,0.0,0.0,0.0,0.0,0.0,0.0
25250,0.0,0.0,0.0,0.0,0.0,0.0,0.0,0.0,0.0,0.0,0.0,0.0,0.0,0.0,0.0,0.0,0.0,0.0,0.0,0.0
8401,0.0,0.0,0.0,0.0,0.0,0.0,0.0,0.0,0.0,0.0,0.0,0.0,0.0,0.0,0.0,0.0,0.0,0.0,0.0,0.0
8400,0.0,1.0,1.0,0.0,0.0,0.0,0.0,0.0,0.0,0.0,0.0,0.0,0.0,0.0,0.0,0.0,0.0,0.0,0.0,0.0
5198,1.0,1.0,0.0,1.0,0.0,1.0,1.0,0.0,1.0,1.0,1.0,1.0,0.0,1.0,0.0,1.0,1.0,0.0,0.0,1.0
15177,2.0,1.0,0.0,3.0,3.0,1.0,2.0,2.0,1.0,3.0,3.0,2.0,2.0,3.0,2.0,3.0,3.0,3.0,3.0,3.0
5197,1.0,1.0,0.0,1.0,0.0,1.0,1.0,0.0,1.0,1.0,1.0,1.0,0.0,1.0,0.0,1.0,1.0,0.0,0.0,1.0
5199,0.0,0.0,0.0,0.0,0.0,0.0,0.0,0.0,0.0,0.0,0.0,0.0,0.0,0.0,0.0,0.0,0.0,0.0,0.0,0.0
5995,3.0,0.0,0.0,2.0,2.0,2.0,2.0,4.0,1.0,3.0,2.0,1.0,2.0,1.0,1.0,3.0,2.0,2.0,2.0,2.0
5996,3.0,3.0,4.0,3.0,3.0,3.0,1.0,1.0,2.0,3.0,3.0,5.0,2.0,2.0,3.0,2.0,3.0,3.0,2.0,3.0
11880,2.0,1.0,0.0,1.0,1.0,1.0,1.0,1.0,1.0,2.0,1.0,1.0,1.0,1.0,1.0,2.0,2.0,1.0,1.0,1.0
25258,1.0,0.0,0.0,1.0,0.0,0.0,0.0,0.0,0.0,0.0,0.0,0.0,0.0,0.0,0.0,1.0,1.0,0.0,0.0,0.0
14981,2.0,0.0,0.0,2.0,2.0,2.0,1.0,2.0,1.0,2.0,1.0,1.0,1.0,1.0,1.0,1.0,1.0,1.0,1.0,1.0
29321,0.0,2.0,1.0,0.0,0.0,1.0,1.0,1.0,1.0,0.0,0.0,0.0,1.0,1.0,1.0,0.0,0.0,0.0,0.0,0.0
1358,1.0,1.0,0.0,1.0,1.0,1.0,1.0,1.0,1.0,2.0,1.0,1.0,1.0,1.0,1.0,1.0,2.0,2.0,1.0,1.0
1165,1.0,3.0,3.0,1.0,1.0,2.0,1.0,1.0,2.0,1.0,1.0,2.0,2.0,2.0,3.0,1.0,1.0,1.0,1.0,2.0
2008,2.0,1.0,1.0,1.0,1.0,1.0,1.0,1.0,1.0,1.0,1.0,2.0,1.0,1.0,1.0,1.0,1.0,1.0,1.0,1.0
2210,0.0,3.0,2.0,0.0,0.0,3.0,3.0,2.0,3.0,0.0,0.0,0.0,3.0,4.0,3.0,0.0,0.0,0.0,0.0,0.0
2006,1.0,0.0,0.0,1.0,1.0,0.0,0.0,0.0,0.0,1.0,1.0,1.0,0.0,1.0,1.0,1.0,1.0,1.0,1.0,1.0
2007,1.0,0.0,0.0,1.0,1.0,0.0,0.0,0.0,0.0,1.0,1.0,1.0,0.0,1.0,1.0,1.0,1.0,1.0,1.0,1.0
12990,3.0,4.0,2.0,4.0,5.0,4.0,4.0,3.0,4.0,4.0,4.0,4.0,5.0,5.0,4.0,5.0,5.0,4.0,5.0,5.0
23517,2.0,2.0,1.0,2.0,2.0,2.0,2.0,2.0,2.0,2.0,2.0,2.0,2.0,2.0,2.0,2.0,2.0,2.0,2.0,2.0
23518,2.0,2.0,1.0,2.0,2.0,2.0,2.0,2.0,2.0,2.0,2.0,2.0,2.0,2.0,2.0,2.0,2.0,2.0,2.0,2.0
157,0.0,0.0,0.0,0.0,0.0,0.0,0.0,0.0,0.0,0.0,0.0,0.0,0.0,0.0,0.0,0.0,0.0,0.0,0.0,0.0
17588,2.0,5.0,3.0,2.0,2.0,4.0,6.0,4.0,5.0,2.0,2.0,4.0,4.0,6.0,5.0,4.0,2.0,2.0,2.0,4.0
12998,1.0,1.0,0.0,1.0,1.0,1.0,1.0,0.0,1.0,1.0,1.0,1.0,1.0,1.0,1.0,1.0,1.0,1.0,1.0,1.0
17589,2.0,5.0,3.0,2.0,2.0,4.0,6.0,4.0,5.0,2.0,2.0,4.0,4.0,6.0,5.0,4.0,2.0,2.0,2.0,4.0
12993,1.0,2.0,1.0,1.0,1.0,1.0,2.0,1.0,1.0,1.0,1.0,1.0,1.0,2.0,1.0,1.0,1.0,1.0,1.0,1.0
21636,0.0,1.0,1.0,0.0,0.0,0.0,0.0,0.0,0.0,0.0,1.0,1.0,1.0,0.0,0.0,0.0,0.0,1.0,0.0,1.0
21635,0.0,1.0,1.0,0.0,0.0,0.0,0.0,0.0,0.0,0.0,1.0,1.0,1.0,0.0,0.0,0.0,0.0,1.0,0.0,1.0
21634,0.0,0.0,0.0,1.0,1.0,0.0,0.0,0.0,0.0,0.0,1.0,1.0,1.0,0.0,0.0,0.0,0.0,0.0,0.0,1.0
26706,0.0,0.0,0.0,0.0,0.0,0.0,0.0,0.0,0.0,0.0,0.0,0.0,0.0,0.0,0.0,0.0,0.0,0.0,0.0,0.0
5222,1.0,0.0,0.0,1.0,1.0,1.0,0.0,1.0,0.0,1.0,1.0,1.0,1.0,0.0,1.0,1.0,1.0,1.0,1.0,1.0
205,0.0,0.0,0.0,0.0,0.0,0.0,0.0,0.0,0.0,0.0,0.0,0.0,0.0,0.0,0.0,0.0,0.0,0.0,0.0,0.0
5223,1.0,0.0,0.0,1.0,1.0,1.0,0.0,1.0,0.0,1.0,1.0,1.0,1.0,1.0,1.0,1.0,1.0,1.0,1.0,1.0
14182,0.0,2.0,1.0,0.0,0.0,1.0,1.0,1.0,1.0,0.0,1.0,1.0,1.0,1.0,1.0,0.0,0.0,0.0,1.0,0.0
5220,1.0,3.0,3.0,0.0,0.0,1.0,0.0,0.0,1.0,1.0,1.0,2.0,1.0,1.0,1.0,1.0,1.0,1.0,1.0,1.0
17591,2.0,3.0,2.0,3.0,3.0,3.0,4.0,3.0,3.0,2.0,2.0,2.0,4.0,4.0,4.0,2.0,2.0,2.0,3.0,2.0
14183,2.0,1.0,0.0,2.0,2.0,2.0,2.0,3.0,1.0,2.0,2.0,2.0,3.0,1.0,2.0,3.0,2.0,2.0,1.0,2.0
17590,2.0,5.0,3.0,2.0,2.0,4.0,6.0,4.0,5.0,2.0,2.0,4.0,4.0,6.0,5.0,4.0,2.0,2.0,2.0,4.0
17593,2.0,5.0,3.0,2.0,2.0,4.0,6.0,4.0,5.0,2.0,2.0,4.0,4.0,6.0,5.0,4.0,2.0,2.0,2.0,4.0
169,0.0,1.0,0.0,0.0,0.0,0.0,0.0,0.0,0.0,0.0,0.0,0.0,0.0,0.0,0.0,0.0,0.0,0.0,0.0,0.0
17592,2.0,5.0,3.0,2.0,2.0,4.0,6.0,4.0,5.0,2.0,2.0,4.0,4.0,6.0,5.0,4.0,2.0,2.0,2.0,4.0
8112,0.0,1.0,1.0,0.0,0.0,0.0,0.0,0.0,0.0,0.0,1.0,1.0,1.0,0.0,1.0,0.0,0.0,1.0,0.0,1.0
17595,2.0,5.0,3.0,2.0,2.0,4.0,6.0,4.0,5.0,2.0,2.0,4.0,4.0,6.0,5.0,4.0,2.0,2.0,2.0,4.0
17594,2.0,5.0,3.0,2.0,2.0,4.0,6.0,4.0,5.0,2.0,2.0,4.0,4.0,6.0,5.0,4.0,2.0,2.0,2.0,4.0
17597,2.0,5.0,3.0,2.0,2.0,4.0,6.0,4.0,5.0,2.0,2.0,4.0,4.0,6.0,5.0,4.0,2.0,2.0,2.0,4.0
17596,2.0,5.0,3.0,2.0,2.0,4.0,6.0,4.0,5.0,2.0,2.0,4.0,4.0,6.0,5.0,4.0,2.0,2.0,2.0,4.0
168,0.0,1.0,0.0,0.0,0.0,0.0,0.0,0.0,0.0,0.0,0.0,0.0,0.0,0.0,0.0,0.0,0.0,0.0,0.0,0.0
10628,3.0,2.0,1.0,3.0,3.0,2.0,2.0,2.0,2.0,3.0,3.0,3.0,2.0,2.0,2.0,3.0,3.0,3.0,3.0,3.0
8314,0.0,0.0,0.0,0.0,0.0,0.0,0.0,0.0,0.0,0.0,0.0,0.0,0.0,0.0,0.0,0.0,0.0,0.0,0.0,0.0
10622,3.0,3.0,2.0,3.0,3.0,3.0,2.0,2.0,3.0,3.0,3.0,4.0,2.0,3.0,2.0,3.0,3.0,3.0,3.0,3.0
24084,0.0,0.0,0.0,0.0,0.0,0.0,0.0,0.0,0.0,0.0,0.0,0.0,0.0,0.0,0.0,0.0,0.0,0.0,0.0,0.0
5219,1.0,0.0,0.0,1.0,1.0,1.0,0.0,1.0,0.0,1.0,1.0,1.0,1.0,0.0,1.0,1.0,1.0,1.0,1.0,1.0
15208,0.0,0.0,0.0,0.0,0.0,0.0,0.0,0.0,0.0,0.0,0.0,0.0,0.0,0.0,0.0,0.0,0.0,0.0,0.0,0.0
2212,0.0,3.0,2.0,0.0,0.0,3.0,3.0,2.0,3.0,0.0,0.0,0.0,3.0,4.0,3.0,0.0,0.0,0.0,0.0,0.0
2211,0.0,3.0,2.0,0.0,0.0,3.0,3.0,2.0,3.0,0.0,0.0,0.0,3.0,4.0,3.0,0.0,0.0,0.0,0.0,0.0
5216,1.0,2.0,2.0,1.0,1.0,1.0,0.0,1.0,1.0,1.0,1.0,2.0,1.0,1.0,1.0,1.0,1.0,1.0,1.0,1.0
2213,0.0,3.0,2.0,0.0,0.0,3.0,3.0,2.0,3.0,0.0,0.0,0.0,3.0,4.0,3.0,0.0,0.0,0.0,0.0,0.0
8862,7.0,1.0,1.0,8.0,7.0,4.0,4.0,5.0,3.0,8.0,4.0,4.0,5.0,2.0,2.0,6.0,5.0,4.0,4.0,3.0
26928,0.0,1.0,0.0,0.0,0.0,0.0,0.0,0.0,0.0,0.0,0.0,0.0,0.0,0.0,0.0,0.0,0.0,0.0,0.0,0.0
25677,1.0,0.0,0.0,1.0,1.0,0.0,0.0,0.0,0.0,1.0,1.0,1.0,1.0,0.0,0.0,1.0,1.0,1.0,1.0,1.0
822,2.0,3.0,2.0,2.0,2.0,3.0,2.0,2.0,3.0,3.0,4.0,5.0,3.0,2.0,3.0,3.0,3.0,3.0,3.0,3.0
8865,3.0,2.0,1.0,3.0,3.0,2.0,3.0,2.0,2.0,3.0,3.0,3.0,3.0,3.0,2.0,3.0,3.0,3.0,3.0,3.0
14153,4.0,1.0,0.0,4.0,4.0,2.0,3.0,3.0,2.0,5.0,5.0,3.0,4.0,3.0,3.0,4.0,5.0,5.0,6.0,4.0
24290,1.0,0.0,0.0,1.0,1.0,1.0,1.0,2.0,0.0,1.0,1.0,1.0,1.0,1.0,0.0,1.0,1.0,1.0,1.0,1.0
26923,1.0,2.0,1.0,2.0,2.0,2.0,2.0,1.0,2.0,1.0,1.0,1.0,2.0,2.0,2.0,1.0,1.0,1.0,2.0,1.0
14760,0.0,1.0,0.0,0.0,0.0,0.0,0.0,0.0,0.0,0.0,0.0,0.0,0.0,0.0,0.0,0.0,0.0,0.0,0.0,0.0
26922,1.0,3.0,2.0,1.0,1.0,3.0,3.0,3.0,3.0,1.0,1.0,2.0,3.0,3.0,4.0,2.0,1.0,1.0,1.0,2.0
26921,1.0,3.0,2.0,1.0,1.0,3.0,3.0,3.0,3.0,1.0,1.0,2.0,3.0,3.0,4.0,2.0,1.0,1.0,1.0,2.0
170,0.0,1.0,0.0,0.0,0.0,0.0,0.0,0.0,0.0,0.0,0.0,0.0,0.0,0.0,0.0,0.0,0.0,0.0,0.0,0.0
417,0.0,0.0,0.0,0.0,0.0,0.0,0.0,0.0,0.0,0.0,0.0,0.0,0.0,0.0,0.0,0.0,0.0,0.0,0.0,0.0
14765,0.0,0.0,0.0,0.0,0.0,0.0,0.0,0.0,0.0,0.0,0.0,0.0,0.0,0.0,0.0,0.0,0.0,0.0,0.0,0.0
14764,0.0,0.0,0.0,0.0,0.0,0.0,0.0,0.0,0.0,0.0,0.0,0.0,0.0,0.0,0.0,0.0,0.0,0.0,0.0,0.0
24092,0.0,2.0,1.0,0.0,0.0,1.0,1.0,1.0,1.0,0.0,0.0,0.0,1.0,1.0,1.0,0.0,0.0,0.0,0.0,0.0
27668,0.0,1.0,0.0,0.0,0.0,0.0,0.0,0.0,0.0,0.0,0.0,0.0,0.0,0.0,0.0,0.0,0.0,0.0,0.0,0.0
27462,0.0,2.0,1.0,0.0,0.0,1.0,1.0,1.0,1.0,0.0,0.0,0.0,1.0,1.0,1.0,0.0,0.0,0.0,0.0,0.0
21618,1.0,0.0,0.0,1.0,1.0,1.0,0.0,1.0,0.0,1.0,1.0,1.0,1.0,1.0,1.0,1.0,1.0,1.0,1.0,1.0
12979,4.0,4.0,3.0,4.0,4.0,4.0,2.0,2.0,4.0,5.0,3.0,5.0,3.0,3.0,3.0,3.0,3.0,3.0,3.0,3.0
12977,2.0,2.0,1.0,2.0,2.0,2.0,2.0,2.0,2.0,2.0,2.0,2.0,2.0,2.0,2.0,2.0,2.0,3.0,2.0,2.0
5248,0.0,0.0,0.0,0.0,0.0,0.0,0.0,0.0,0.0,0.0,0.0,0.0,0.0,0.0,0.0,0.0,0.0,0.0,0.0,0.0
7230,1.0,3.0,3.0,1.0,1.0,1.0,0.0,0.0,1.0,1.0,2.0,3.0,1.0,1.0,2.0,1.0,1.0,2.0,1.0,2.0
27464,0.0,2.0,1.0,0.0,0.0,1.0,1.0,1.0,1.0,0.0,0.0,0.0,1.0,1.0,1.0,0.0,0.0,0.0,0.0,0.0
13834,0.0,0.0,0.0,0.0,0.0,0.0,0.0,0.0,0.0,0.0,0.0,0.0,0.0,0.0,0.0,0.0,0.0,0.0,0.0,0.0
5242,0.0,0.0,0.0,0.0,0.0,0.0,0.0,0.0,0.0,0.0,0.0,0.0,0.0,0.0,0.0,0.0,0.0,0.0,0.0,0.0
8851,0.0,0.0,0.0,0.0,0.0,0.0,0.0,0.0,0.0,0.0,0.0,0.0,0.0,0.0,0.0,0.0,0.0,0.0,0.0,0.0
5241,0.0,0.0,0.0,0.0,0.0,0.0,0.0,0.0,0.0,0.0,0.0,0.0,0.0,0.0,0.0,0.0,0.0,0.0,0.0,0.0
29155,1.0,0.0,0.0,1.0,1.0,1.0,1.0,2.0,0.0,1.0,1.0,1.0,1.0,1.0,0.0,1.0,1.0,1.0,1.0,1.0
5243,3.0,3.0,3.0,3.0,3.0,3.0,2.0,2.0,3.0,3.0,2.0,3.0,2.0,3.0,3.0,2.0,2.0,2.0,2.0,2.0
5246,2.0,2.0,1.0,2.0,2.0,3.0,2.0,3.0,2.0,2.0,2.0,2.0,3.0,2.0,3.0,2.0,2.0,2.0,2.0,2.0
228,0.0,0.0,0.0,0.0,0.0,0.0,0.0,0.0,0.0,0.0,0.0,0.0,0.0,0.0,0.0,0.0,0.0,0.0,0.0,0.0
20150,0.0,0.0,0.0,0.0,0.0,0.0,0.0,0.0,0.0,0.0,0.0,0.0,0.0,0.0,0.0,0.0,0.0,0.0,0.0,0.0
189,2.0,2.0,1.0,2.0,2.0,2.0,2.0,2.0,2.0,2.0,2.0,2.0,2.0,2.0,2.0,2.0,2.0,2.0,2.0,2.0
14758,0.0,1.0,0.0,0.0,0.0,0.0,0.0,0.0,0.0,0.0,0.0,0.0,0.0,0.0,0.0,0.0,0.0,0.0,0.0,0.0
12985,3.0,4.0,2.0,4.0,5.0,4.0,4.0,3.0,4.0,4.0,4.0,4.0,5.0,5.0,4.0,5.0,5.0,4.0,5.0,5.0
10608,0.0,0.0,0.0,0.0,0.0,0.0,0.0,0.0,0.0,0.0,0.0,0.0,0.0,0.0,0.0,0.0,0.0,0.0,0.0,0.0
26713,2.0,1.0,0.0,2.0,2.0,1.0,1.0,2.0,1.0,3.0,3.0,2.0,2.0,1.0,2.0,3.0,3.0,3.0,2.0,3.0
12984,3.0,4.0,2.0,4.0,5.0,4.0,4.0,3.0,4.0,4.0,4.0,5.0,4.0,4.0,4.0,4.0,5.0,4.0,4.0,5.0
12987,1.0,0.0,0.0,2.0,2.0,1.0,2.0,1.0,1.0,2.0,2.0,1.0,2.0,3.0,2.0,2.0,2.0,2.0,3.0,2.0
12986,3.0,4.0,2.0,4.0,5.0,4.0,4.0,3.0,4.0,4.0,4.0,4.0,5.0,5.0,4.0,5.0,5.0,4.0,5.0,5.0
12989,3.0,4.0,2.0,4.0,5.0,4.0,4.0,3.0,4.0,4.0,4.0,4.0,5.0,5.0,4.0,5.0,5.0,4.0,5.0,5.0
12988,3.0,4.0,2.0,4.0,5.0,4.0,4.0,3.0,4.0,4.0,4.0,4.0,5.0,5.0,4.0,5.0,5.0,4.0,5.0,5.0
5238,4.0,2.0,1.0,3.0,4.0,2.0,1.0,1.0,1.0,4.0,4.0,4.0,3.0,4.0,4.0,3.0,5.0,4.0,4.0,5.0
14759,0.0,1.0,0.0,0.0,0.0,0.0,0.0,0.0,0.0,0.0,0.0,0.0,0.0,0.0,0.0,0.0,0.0,0.0,0.0,0.0
26940,0.0,0.0,0.0,0.0,0.0,0.0,0.0,0.0,0.0,0.0,0.0,0.0,0.0,0.0,0.0,0.0,0.0,0.0,0.0,0.0
5910,0.0,0.0,0.0,0.0,0.0,0.0,0.0,0.0,0.0,0.0,0.0,0.0,0.0,0.0,0.0,0.0,0.0,0.0,0.0,0.0
13009,0.0,0.0,0.0,0.0,0.0,0.0,0.0,0.0,0.0,0.0,0.0,0.0,0.0,0.0,0.0,0.0,0.0,0.0,0.0,0.0
13008,0.0,1.0,1.0,0.0,0.0,0.0,0.0,0.0,0.0,0.0,0.0,0.0,0.0,0.0,0.0,0.0,0.0,0.0,0.0,0.0
10653,0.0,0.0,0.0,0.0,0.0,0.0,0.0,0.0,0.0,0.0,0.0,0.0,0.0,0.0,0.0,0.0,0.0,0.0,0.0,0.0
13007,1.0,0.0,0.0,1.0,1.0,0.0,0.0,0.0,0.0,1.0,1.0,1.0,1.0,1.0,0.0,1.0,1.0,1.0,1.0,1.0
28972,0.0,1.0,0.0,0.0,0.0,0.0,0.0,0.0,0.0,0.0,0.0,0.0,0.0,0.0,0.0,0.0,0.0,0.0,0.0,0.0
13006,0.0,0.0,0.0,0.0,0.0,0.0,0.0,0.0,0.0,0.0,0.0,0.0,0.0,0.0,0.0,0.0,0.0,0.0,0.0,0.0
13005,0.0,0.0,0.0,0.0,0.0,0.0,0.0,0.0,0.0,0.0,0.0,0.0,0.0,0.0,0.0,0.0,0.0,0.0,0.0,0.0
6396,1.0,0.0,0.0,1.0,0.0,0.0,0.0,0.0,0.0,0.0,1.0,1.0,0.0,0.0,0.0,1.0,1.0,0.0,0.0,1.0
21670,0.0,0.0,0.0,0.0,0.0,0.0,0.0,0.0,0.0,0.0,0.0,0.0,0.0,0.0,0.0,0.0,0.0,0.0,0.0,0.0
6395,1.0,0.0,0.0,1.0,0.0,0.0,0.0,0.0,0.0,0.0,1.0,1.0,0.0,0.0,0.0,1.0,1.0,0.0,0.0,1.0
5926,0.0,0.0,0.0,0.0,0.0,0.0,0.0,0.0,0.0,0.0,0.0,0.0,0.0,0.0,0.0,0.0,0.0,0.0,0.0,0.0
5924,0.0,0.0,0.0,0.0,0.0,0.0,0.0,0.0,0.0,0.0,0.0,0.0,0.0,0.0,0.0,0.0,0.0,0.0,0.0,0.0
27459,0.0,0.0,0.0,0.0,0.0,0.0,0.0,0.0,0.0,0.0,0.0,0.0,0.0,0.0,0.0,0.0,0.0,0.0,0.0,0.0
8830,0.0,0.0,0.0,0.0,0.0,0.0,0.0,0.0,0.0,0.0,0.0,0.0,0.0,0.0,0.0,0.0,0.0,1.0,1.0,0.0
8828,0.0,0.0,0.0,0.0,0.0,0.0,0.0,0.0,0.0,0.0,0.0,0.0,0.0,0.0,0.0,0.0,0.0,1.0,1.0,0.0
13273,1.0,0.0,0.0,1.0,1.0,1.0,1.0,1.0,1.0,1.0,1.0,1.0,1.0,1.0,1.0,1.0,1.0,1.0,1.0,1.0
27424,1.0,0.0,0.0,1.0,0.0,1.0,1.0,1.0,0.0,1.0,1.0,1.0,0.0,1.0,0.0,1.0,1.0,1.0,0.0,1.0
8613,2.0,3.0,2.0,1.0,1.0,3.0,2.0,2.0,3.0,2.0,2.0,3.0,3.0,2.0,2.0,2.0,2.0,2.0,1.0,2.0
23576,0.0,0.0,0.0,0.0,0.0,0.0,0.0,0.0,0.0,0.0,0.0,0.0,0.0,0.0,0.0,0.0,0.0,0.0,0.0,0.0
10829,1.0,0.0,0.0,1.0,1.0,0.0,1.0,0.0,0.0,1.0,1.0,1.0,1.0,1.0,1.0,1.0,1.0,1.0,1.0,1.0
7460,1.0,1.0,1.0,0.0,0.0,1.0,1.0,0.0,1.0,1.0,1.0,1.0,1.0,1.0,1.0,1.0,1.0,1.0,0.0,1.0
26028,0.0,0.0,0.0,0.0,0.0,0.0,0.0,0.0,0.0,0.0,0.0,0.0,0.0,0.0,0.0,0.0,0.0,0.0,0.0,0.0
26029,0.0,0.0,0.0,0.0,0.0,0.0,0.0,0.0,0.0,0.0,0.0,0.0,0.0,0.0,0.0,0.0,0.0,0.0,0.0,0.0
5908,0.0,0.0,0.0,0.0,0.0,0.0,0.0,0.0,0.0,0.0,0.0,0.0,0.0,0.0,0.0,0.0,0.0,0.0,0.0,0.0
5909,0.0,0.0,0.0,0.0,0.0,0.0,0.0,0.0,0.0,0.0,0.0,0.0,0.0,0.0,0.0,0.0,0.0,0.0,0.0,0.0
20394,0.0,0.0,0.0,0.0,0.0,0.0,0.0,0.0,0.0,0.0,0.0,0.0,0.0,0.0,0.0,0.0,0.0,0.0,0.0,0.0
20395,0.0,0.0,0.0,0.0,0.0,0.0,0.0,0.0,0.0,0.0,0.0,0.0,0.0,0.0,0.0,0.0,0.0,0.0,0.0,0.0
5200,0.0,0.0,0.0,0.0,0.0,0.0,0.0,0.0,0.0,0.0,0.0,0.0,0.0,0.0,0.0,0.0,0.0,0.0,0.0,0.0
2240,0.0,0.0,0.0,0.0,0.0,0.0,0.0,0.0,0.0,0.0,0.0,0.0,0.0,0.0,0.0,0.0,0.0,0.0,0.0,0.0
7461,0.0,2.0,2.0,0.0,0.0,0.0,0.0,0.0,0.0,0.0,1.0,2.0,1.0,1.0,1.0,1.0,1.0,1.0,1.0,1.0
2234,0.0,0.0,0.0,0.0,0.0,0.0,0.0,0.0,0.0,0.0,0.0,0.0,0.0,0.0,0.0,0.0,0.0,0.0,0.0,0.0
23764,1.0,0.0,0.0,2.0,2.0,1.0,1.0,1.0,1.0,1.0,1.0,1.0,1.0,1.0,2.0,1.0,1.0,1.0,1.0,1.0
6798,0.0,2.0,1.0,0.0,0.0,1.0,1.0,1.0,1.0,0.0,0.0,0.0,1.0,1.0,1.0,0.0,0.0,0.0,0.0,0.0
7459,1.0,1.0,0.0,0.0,0.0,1.0,1.0,1.0,1.0,1.0,1.0,1.0,1.0,1.0,1.0,1.0,1.0,1.0,0.0,1.0
2865,0.0,0.0,0.0,0.0,0.0,0.0,0.0,0.0,0.0,0.0,0.0,0.0,0.0,0.0,0.0,0.0,0.0,0.0,0.0,0.0
7458,1.0,1.0,0.0,0.0,0.0,1.0,1.0,1.0,1.0,1.0,1.0,1.0,1.0,1.0,1.0,1.0,1.0,1.0,0.0,1.0
8331,1.0,0.0,0.0,1.0,0.0,1.0,0.0,1.0,0.0,0.0,0.0,0.0,0.0,0.0,0.0,1.0,1.0,0.0,0.0,0.0
2098,0.0,0.0,0.0,0.0,0.0,0.0,0.0,0.0,0.0,0.0,0.0,0.0,0.0,0.0,0.0,0.0,0.0,0.0,0.0,0.0
2097,0.0,0.0,0.0,1.0,1.0,0.0,0.0,0.0,0.0,1.0,1.0,1.0,0.0,0.0,1.0,0.0,0.0,0.0,1.0,1.0
27603,0.0,0.0,0.0,0.0,0.0,0.0,0.0,0.0,0.0,0.0,0.0,0.0,0.0,0.0,0.0,0.0,0.0,0.0,0.0,0.0
12912,0.0,0.0,0.0,0.0,0.0,0.0,0.0,0.0,0.0,0.0,0.0,0.0,0.0,0.0,0.0,0.0,0.0,0.0,0.0,0.0
2288,1.0,1.0,0.0,1.0,1.0,1.0,1.0,1.0,1.0,1.0,1.0,1.0,1.0,1.0,1.0,1.0,1.0,1.0,1.0,1.0
12911,0.0,0.0,0.0,0.0,0.0,0.0,0.0,0.0,0.0,0.0,0.0,0.0,0.0,0.0,0.0,0.0,0.0,0.0,0.0,0.0
19006,1.0,0.0,0.0,1.0,0.0,1.0,0.0,1.0,0.0,0.0,0.0,0.0,0.0,0.0,0.0,1.0,1.0,0.0,0.0,0.0
20305,2.0,2.0,1.0,1.0,1.0,2.0,2.0,2.0,2.0,2.0,1.0,2.0,2.0,2.0,2.0,2.0,2.0,1.0,1.0,2.0
20304,2.0,2.0,1.0,1.0,1.0,2.0,2.0,2.0,2.0,2.0,1.0,2.0,2.0,2.0,2.0,2.0,2.0,1.0,1.0,2.0
12525,0.0,0.0,0.0,0.0,0.0,0.0,0.0,0.0,0.0,0.0,0.0,0.0,0.0,0.0,0.0,0.0,0.0,0.0,0.0,0.0
2291,1.0,2.0,2.0,1.0,1.0,1.0,1.0,1.0,1.0,2.0,2.0,2.0,1.0,1.0,1.0,1.0,2.0,2.0,1.0,1.0
3153,1.0,0.0,0.0,2.0,2.0,1.0,1.0,1.0,1.0,1.0,1.0,1.0,1.0,1.0,2.0,1.0,1.0,1.0,1.0,1.0
12528,1.0,1.0,0.0,1.0,1.0,1.0,1.0,1.0,1.0,2.0,1.0,1.0,1.0,1.0,1.0,1.0,2.0,2.0,1.0,1.0
10153,0.0,2.0,1.0,0.0,0.0,1.0,1.0,1.0,1.0,0.0,0.0,0.0,1.0,1.0,1.0,0.0,0.0,0.0,0.0,0.0
13440,2.0,2.0,1.0,2.0,2.0,2.0,2.0,2.0,2.0,3.0,2.0,2.0,2.0,2.0,2.0,2.0,2.0,2.0,2.0,2.0
13441,2.0,2.0,1.0,2.0,2.0,2.0,2.0,2.0,2.0,3.0,2.0,2.0,2.0,2.0,2.0,2.0,2.0,2.0,2.0,2.0
16338,0.0,0.0,0.0,0.0,0.0,0.0,0.0,0.0,0.0,0.0,0.0,0.0,0.0,0.0,0.0,0.0,0.0,0.0,0.0,0.0
16337,0.0,0.0,0.0,0.0,0.0,0.0,0.0,0.0,0.0,0.0,0.0,0.0,0.0,0.0,0.0,0.0,0.0,0.0,0.0,0.0
7286,0.0,0.0,0.0,0.0,0.0,0.0,0.0,0.0,0.0,0.0,0.0,0.0,0.0,0.0,0.0,0.0,0.0,0.0,0.0,0.0
7288,0.0,0.0,0.0,0.0,0.0,0.0,0.0,0.0,0.0,0.0,0.0,0.0,0.0,0.0,0.0,0.0,0.0,0.0,0.0,0.0
12922,0.0,0.0,0.0,0.0,0.0,0.0,0.0,0.0,0.0,0.0,0.0,0.0,0.0,0.0,0.0,0.0,0.0,0.0,0.0,0.0
14300,0.0,0.0,0.0,0.0,0.0,0.0,0.0,0.0,0.0,0.0,0.0,0.0,0.0,0.0,0.0,0.0,0.0,0.0,0.0,0.0
16537,0.0,1.0,1.0,0.0,0.0,1.0,1.0,1.0,1.0,1.0,1.0,1.0,1.0,1.0,1.0,1.0,1.0,1.0,0.0,1.0
11008,0.0,0.0,0.0,0.0,0.0,0.0,0.0,0.0,0.0,0.0,0.0,0.0,0.0,0.0,0.0,0.0,0.0,0.0,0.0,0.0
2620,1.0,1.0,0.0,1.0,1.0,1.0,1.0,0.0,1.0,1.0,1.0,1.0,1.0,1.0,0.0,1.0,1.0,1.0,1.0,1.0
6184,1.0,3.0,2.0,1.0,1.0,2.0,2.0,1.0,3.0,1.0,1.0,2.0,1.0,2.0,1.0,1.0,1.0,1.0,1.0,1.0
10174,0.0,2.0,1.0,0.0,0.0,1.0,1.0,1.0,1.0,0.0,0.0,0.0,1.0,1.0,1.0,0.0,0.0,0.0,0.0,0.0
2623,1.0,2.0,2.0,1.0,1.0,1.0,1.0,0.0,1.0,1.0,1.0,2.0,1.0,1.0,1.0,1.0,1.0,1.0,1.0,1.0
3314,3.0,2.0,1.0,2.0,2.0,3.0,2.0,3.0,2.0,3.0,3.0,3.0,3.0,2.0,3.0,3.0,4.0,3.0,2.0,3.0
22482,0.0,0.0,0.0,0.0,0.0,0.0,0.0,0.0,0.0,0.0,0.0,0.0,0.0,0.0,0.0,0.0,0.0,0.0,0.0,0.0
24343,0.0,0.0,0.0,0.0,0.0,0.0,0.0,0.0,0.0,0.0,0.0,0.0,0.0,0.0,0.0,0.0,0.0,0.0,0.0,0.0
6185,1.0,2.0,1.0,1.0,1.0,1.0,2.0,1.0,1.0,1.0,1.0,1.0,1.0,2.0,1.0,1.0,1.0,1.0,1.0,1.0
4181,4.0,7.0,6.0,3.0,3.0,7.0,3.0,2.0,7.0,4.0,5.0,8.0,4.0,4.0,5.0,4.0,6.0,5.0,6.0,6.0
3315,2.0,3.0,3.0,2.0,2.0,3.0,1.0,1.0,3.0,3.0,3.0,4.0,2.0,2.0,3.0,2.0,3.0,3.0,2.0,3.0
11034,0.0,0.0,0.0,0.0,0.0,0.0,0.0,0.0,0.0,0.0,0.0,0.0,0.0,0.0,0.0,0.0,0.0,0.0,0.0,0.0
9027,0.0,1.0,1.0,0.0,0.0,0.0,0.0,0.0,0.0,0.0,1.0,1.0,1.0,0.0,1.0,0.0,0.0,1.0,0.0,1.0
28792,0.0,1.0,1.0,0.0,0.0,1.0,1.0,1.0,1.0,1.0,1.0,1.0,1.0,1.0,1.0,1.0,1.0,1.0,1.0,1.0
9028,0.0,1.0,0.0,0.0,0.0,1.0,0.0,0.0,0.0,1.0,0.0,0.0,0.0,0.0,0.0,1.0,1.0,0.0,0.0,1.0
19022,0.0,1.0,0.0,0.0,0.0,0.0,0.0,0.0,0.0,0.0,0.0,0.0,0.0,0.0,0.0,0.0,0.0,0.0,0.0,0.0
9029,0.0,1.0,0.0,0.0,0.0,1.0,0.0,0.0,0.0,1.0,0.0,0.0,0.0,0.0,0.0,1.0,1.0,0.0,0.0,1.0
19023,0.0,1.0,0.0,0.0,0.0,0.0,0.0,0.0,0.0,0.0,0.0,0.0,0.0,0.0,0.0,0.0,0.0,0.0,0.0,0.0
11035,0.0,0.0,0.0,0.0,0.0,0.0,0.0,0.0,0.0,0.0,0.0,0.0,0.0,0.0,0.0,0.0,0.0,0.0,0.0,0.0
8182,1.0,1.0,0.0,1.0,1.0,1.0,1.0,0.0,1.0,1.0,1.0,1.0,1.0,1.0,1.0,1.0,1.0,1.0,1.0,1.0
19028,0.0,0.0,0.0,0.0,0.0,0.0,0.0,0.0,0.0,0.0,0.0,0.0,0.0,0.0,0.0,0.0,0.0,0.0,0.0,0.0
19026,0.0,0.0,0.0,0.0,0.0,0.0,0.0,0.0,0.0,0.0,0.0,0.0,0.0,0.0,0.0,0.0,0.0,0.0,0.0,0.0
9026,0.0,1.0,1.0,0.0,0.0,0.0,0.0,0.0,0.0,0.0,1.0,1.0,1.0,0.0,1.0,0.0,0.0,1.0,0.0,1.0
4807,0.0,1.0,1.0,0.0,0.0,0.0,0.0,0.0,0.0,0.0,1.0,1.0,0.0,0.0,0.0,0.0,0.0,0.0,0.0,0.0
10175,0.0,2.0,1.0,0.0,0.0,1.0,1.0,1.0,1.0,0.0,0.0,0.0,1.0,1.0,1.0,0.0,0.0,0.0,0.0,0.0
13436,2.0,2.0,2.0,2.0,2.0,2.0,2.0,2.0,2.0,3.0,2.0,3.0,2.0,3.0,3.0,2.0,2.0,3.0,2.0,2.0
6173,0.0,0.0,0.0,0.0,0.0,0.0,0.0,0.0,0.0,0.0,0.0,0.0,0.0,0.0,0.0,0.0,0.0,0.0,0.0,0.0
6172,0.0,0.0,0.0,0.0,0.0,0.0,0.0,0.0,0.0,0.0,0.0,0.0,0.0,0.0,0.0,0.0,0.0,0.0,0.0,0.0
13226,0.0,0.0,0.0,0.0,0.0,0.0,0.0,0.0,0.0,0.0,0.0,0.0,0.0,0.0,0.0,0.0,0.0,0.0,0.0,0.0
19424,0.0,1.0,0.0,0.0,0.0,0.0,0.0,0.0,0.0,0.0,0.0,0.0,0.0,0.0,0.0,0.0,0.0,0.0,0.0,0.0
16553,1.0,0.0,0.0,1.0,0.0,0.0,0.0,0.0,0.0,0.0,0.0,0.0,0.0,0.0,0.0,1.0,1.0,0.0,0.0,0.0
8371,0.0,0.0,0.0,0.0,0.0,0.0,0.0,0.0,0.0,0.0,0.0,0.0,0.0,0.0,0.0,0.0,0.0,0.0,0.0,0.0
6177,1.0,0.0,0.0,1.0,1.0,1.0,0.0,0.0,0.0,1.0,1.0,1.0,1.0,1.0,1.0,1.0,1.0,1.0,1.0,1.0
18305,1.0,0.0,0.0,1.0,1.0,1.0,0.0,1.0,0.0,1.0,2.0,1.0,1.0,1.0,1.0,1.0,2.0,2.0,2.0,1.0
19984,0.0,0.0,0.0,0.0,0.0,0.0,0.0,0.0,0.0,0.0,0.0,0.0,0.0,0.0,0.0,0.0,0.0,0.0,0.0,0.0
16558,1.0,1.0,0.0,1.0,1.0,1.0,1.0,1.0,1.0,1.0,1.0,1.0,1.0,1.0,1.0,1.0,1.0,1.0,1.0,1.0
19986,0.0,0.0,0.0,0.0,0.0,0.0,0.0,0.0,0.0,0.0,0.0,0.0,0.0,0.0,0.0,0.0,0.0,0.0,0.0,0.0
2284,0.0,0.0,0.0,0.0,0.0,0.0,0.0,0.0,0.0,0.0,0.0,0.0,0.0,0.0,0.0,0.0,0.0,0.0,0.0,0.0
19985,0.0,0.0,0.0,0.0,0.0,0.0,0.0,0.0,0.0,0.0,0.0,0.0,0.0,0.0,0.0,0.0,0.0,0.0,0.0,0.0
646,1.0,0.0,0.0,1.0,1.0,1.0,0.0,1.0,0.0,1.0,1.0,1.0,1.0,0.0,1.0,1.0,1.0,1.0,1.0,1.0
6123,1.0,2.0,2.0,1.0,1.0,1.0,1.0,1.0,2.0,1.0,1.0,2.0,1.0,2.0,1.0,1.0,1.0,1.0,1.0,1.0
27643,0.0,0.0,0.0,0.0,0.0,0.0,0.0,0.0,0.0,0.0,0.0,0.0,0.0,0.0,0.0,0.0,0.0,0.0,0.0,0.0
647,1.0,2.0,2.0,1.0,1.0,1.0,0.0,0.0,1.0,1.0,1.0,2.0,1.0,1.0,1.0,1.0,1.0,1.0,1.0,1.0
6125,1.0,3.0,2.0,1.0,1.0,2.0,1.0,1.0,2.0,1.0,2.0,2.0,1.0,2.0,1.0,1.0,1.0,1.0,1.0,1.0
19932,0.0,0.0,0.0,0.0,0.0,0.0,0.0,0.0,0.0,0.0,0.0,0.0,0.0,0.0,0.0,0.0,0.0,0.0,0.0,0.0
28356,2.0,2.0,1.0,2.0,2.0,2.0,2.0,2.0,2.0,2.0,2.0,2.0,2.0,2.0,2.0,2.0,2.0,3.0,2.0,2.0
194,2.0,2.0,1.0,2.0,2.0,2.0,2.0,2.0,2.0,2.0,2.0,2.0,2.0,2.0,2.0,2.0,2.0,2.0,2.0,2.0
10193,1.0,2.0,1.0,2.0,2.0,1.0,2.0,1.0,1.0,2.0,3.0,2.0,2.0,3.0,2.0,3.0,3.0,3.0,3.0,3.0
191,2.0,2.0,1.0,2.0,2.0,2.0,2.0,2.0,2.0,2.0,2.0,2.0,2.0,2.0,2.0,2.0,2.0,2.0,2.0,2.0
190,2.0,5.0,5.0,1.0,1.0,4.0,2.0,1.0,4.0,2.0,3.0,6.0,2.0,3.0,3.0,2.0,3.0,3.0,2.0,3.0
9413,4.0,0.0,0.0,4.0,4.0,2.0,3.0,3.0,1.0,4.0,4.0,2.0,4.0,2.0,3.0,3.0,4.0,3.0,4.0,3.0
193,2.0,2.0,1.0,2.0,2.0,2.0,2.0,2.0,2.0,2.0,2.0,2.0,2.0,2.0,2.0,2.0,2.0,2.0,2.0,2.0
10190,3.0,2.0,1.0,3.0,3.0,3.0,3.0,2.0,2.0,3.0,3.0,3.0,3.0,3.0,2.0,3.0,3.0,3.0,3.0,4.0
19452,2.0,1.0,0.0,2.0,2.0,1.0,1.0,2.0,1.0,3.0,3.0,2.0,2.0,1.0,2.0,3.0,3.0,3.0,2.0,3.0
19931,0.0,0.0,0.0,0.0,0.0,0.0,0.0,0.0,0.0,0.0,0.0,0.0,0.0,0.0,0.0,0.0,0.0,0.0,0.0,0.0
29619,0.0,0.0,0.0,0.0,0.0,0.0,0.0,0.0,0.0,0.0,0.0,0.0,0.0,0.0,0.0,0.0,0.0,0.0,0.0,0.0
9007,0.0,0.0,0.0,1.0,1.0,0.0,0.0,0.0,0.0,1.0,1.0,1.0,0.0,0.0,1.0,1.0,1.0,1.0,1.0,1.0
29169,0.0,1.0,1.0,0.0,0.0,0.0,0.0,0.0,0.0,0.0,1.0,1.0,1.0,0.0,1.0,0.0,0.0,1.0,0.0,1.0
2619,1.0,1.0,0.0,1.0,1.0,1.0,1.0,0.0,1.0,1.0,1.0,1.0,1.0,1.0,0.0,1.0,1.0,1.0,1.0,1.0
3594,0.0,0.0,0.0,0.0,0.0,0.0,0.0,0.0,0.0,0.0,0.0,0.0,0.0,0.0,0.0,0.0,0.0,0.0,0.0,0.0
24244,4.0,0.0,0.0,4.0,4.0,2.0,4.0,4.0,1.0,4.0,4.0,2.0,4.0,1.0,2.0,5.0,4.0,3.0,4.0,3.0
12754,0.0,0.0,0.0,0.0,0.0,0.0,0.0,0.0,0.0,0.0,0.0,0.0,0.0,0.0,0.0,0.0,0.0,0.0,0.0,0.0
19921,2.0,2.0,1.0,1.0,1.0,2.0,2.0,2.0,1.0,2.0,2.0,2.0,1.0,2.0,2.0,2.0,2.0,2.0,2.0,2.0
2617,1.0,1.0,0.0,1.0,1.0,1.0,1.0,0.0,1.0,1.0,1.0,1.0,1.0,1.0,0.0,1.0,1.0,1.0,1.0,1.0
16573,1.0,0.0,0.0,1.0,1.0,1.0,1.0,1.0,0.0,1.0,1.0,1.0,1.0,1.0,1.0,1.0,1.0,1.0,1.0,1.0
28363,1.0,0.0,0.0,2.0,2.0,1.0,1.0,1.0,1.0,2.0,1.0,1.0,2.0,1.0,1.0,2.0,1.0,2.0,1.0,2.0
20332,0.0,0.0,0.0,0.0,0.0,0.0,0.0,0.0,0.0,0.0,0.0,0.0,0.0,0.0,0.0,0.0,0.0,0.0,0.0,0.0
15704,0.0,1.0,0.0,0.0,0.0,0.0,0.0,0.0,0.0,0.0,0.0,0.0,0.0,0.0,0.0,0.0,0.0,0.0,0.0,0.0
13099,0.0,0.0,0.0,0.0,0.0,0.0,0.0,0.0,0.0,0.0,0.0,0.0,0.0,0.0,0.0,0.0,0.0,0.0,0.0,0.0
15706,0.0,0.0,0.0,0.0,0.0,0.0,0.0,0.0,0.0,0.0,0.0,0.0,0.0,0.0,0.0,0.0,0.0,0.0,0.0,0.0
29882,0.0,0.0,0.0,0.0,0.0,0.0,0.0,0.0,0.0,0.0,0.0,0.0,0.0,0.0,0.0,0.0,0.0,0.0,0.0,0.0
15707,0.0,0.0,0.0,0.0,0.0,0.0,0.0,0.0,0.0,0.0,0.0,0.0,0.0,0.0,0.0,0.0,0.0,0.0,0.0,0.0
29881,0.0,0.0,0.0,1.0,1.0,0.0,0.0,0.0,0.0,1.0,1.0,1.0,0.0,0.0,1.0,1.0,1.0,1.0,1.0,1.0
29883,0.0,0.0,0.0,0.0,0.0,0.0,0.0,0.0,0.0,0.0,0.0,0.0,0.0,0.0,0.0,0.0,0.0,0.0,0.0,0.0
14344,3.0,1.0,0.0,3.0,3.0,2.0,3.0,2.0,2.0,3.0,3.0,2.0,3.0,3.0,2.0,4.0,3.0,3.0,3.0,4.0
29608,2.0,1.0,0.0,2.0,2.0,1.0,1.0,1.0,1.0,2.0,3.0,2.0,2.0,1.0,1.0,2.0,3.0,2.0,3.0,2.0
24243,4.0,0.0,0.0,4.0,4.0,2.0,4.0,4.0,1.0,4.0,4.0,2.0,4.0,1.0,2.0,5.0,4.0,3.0,4.0,3.0
19956,3.0,2.0,1.0,3.0,3.0,2.0,3.0,2.0,2.0,3.0,3.0,3.0,3.0,3.0,2.0,3.0,3.0,3.0,3.0,3.0
19954,3.0,2.0,2.0,3.0,3.0,2.0,2.0,1.0,2.0,3.0,3.0,4.0,3.0,3.0,3.0,3.0,4.0,3.0,3.0,3.0
6701,2.0,0.0,0.0,2.0,2.0,1.0,1.0,1.0,1.0,2.0,3.0,2.0,2.0,1.0,1.0,2.0,3.0,2.0,3.0,2.0
9262,0.0,0.0,0.0,0.0,0.0,0.0,0.0,0.0,0.0,0.0,0.0,0.0,0.0,0.0,0.0,0.0,0.0,0.0,0.0,0.0
3169,1.0,3.0,2.0,2.0,2.0,2.0,2.0,1.0,2.0,2.0,2.0,3.0,2.0,3.0,3.0,2.0,2.0,2.0,2.0,2.0
3168,0.0,0.0,0.0,0.0,0.0,0.0,0.0,0.0,0.0,0.0,0.0,0.0,0.0,0.0,0.0,0.0,0.0,0.0,0.0,0.0
9260,1.0,0.0,0.0,1.0,1.0,1.0,1.0,1.0,0.0,1.0,1.0,1.0,1.0,0.0,1.0,1.0,1.0,1.0,1.0,1.0
12549,0.0,1.0,0.0,0.0,0.0,0.0,0.0,0.0,0.0,0.0,0.0,0.0,0.0,0.0,0.0,0.0,0.0,0.0,0.0,0.0
12328,0.0,2.0,1.0,0.0,0.0,1.0,1.0,1.0,1.0,0.0,0.0,0.0,1.0,1.0,1.0,0.0,0.0,0.0,0.0,0.0
28752,0.0,0.0,0.0,0.0,0.0,0.0,0.0,0.0,0.0,0.0,0.0,0.0,0.0,0.0,0.0,0.0,0.0,0.0,0.0,0.0
11961,0.0,0.0,0.0,0.0,0.0,0.0,0.0,0.0,0.0,0.0,0.0,0.0,0.0,0.0,0.0,0.0,0.0,0.0,0.0,0.0
28753,0.0,0.0,0.0,0.0,0.0,0.0,0.0,0.0,0.0,0.0,0.0,0.0,0.0,0.0,0.0,0.0,0.0,0.0,0.0,0.0
11962,0.0,0.0,0.0,0.0,0.0,0.0,0.0,0.0,0.0,0.0,0.0,0.0,0.0,0.0,0.0,0.0,0.0,0.0,0.0,0.0
12547,0.0,1.0,0.0,0.0,0.0,0.0,0.0,0.0,0.0,0.0,0.0,0.0,0.0,0.0,0.0,0.0,0.0,0.0,0.0,0.0
16319,2.0,2.0,2.0,1.0,1.0,2.0,1.0,1.0,2.0,1.0,2.0,2.0,1.0,1.0,2.0,1.0,1.0,1.0,1.0,2.0
2041,0.0,0.0,0.0,0.0,0.0,0.0,0.0,0.0,0.0,1.0,1.0,1.0,0.0,0.0,0.0,1.0,1.0,0.0,0.0,1.0
2044,0.0,0.0,0.0,0.0,0.0,0.0,0.0,0.0,0.0,1.0,1.0,1.0,0.0,0.0,0.0,1.0,1.0,0.0,0.0,1.0
2045,1.0,0.0,0.0,0.0,0.0,0.0,0.0,0.0,0.0,0.0,0.0,0.0,0.0,0.0,0.0,1.0,1.0,1.0,0.0,1.0
24573,1.0,0.0,0.0,1.0,0.0,0.0,0.0,0.0,0.0,0.0,0.0,0.0,0.0,0.0,0.0,1.0,1.0,0.0,0.0,0.0
2043,0.0,1.0,1.0,0.0,0.0,0.0,0.0,0.0,0.0,0.0,1.0,1.0,0.0,0.0,0.0,1.0,1.0,1.0,0.0,1.0
3158,1.0,0.0,0.0,2.0,2.0,1.0,1.0,1.0,1.0,1.0,1.0,1.0,1.0,1.0,2.0,1.0,1.0,1.0,2.0,1.0
25623,0.0,0.0,0.0,0.0,0.0,0.0,0.0,0.0,0.0,0.0,0.0,0.0,0.0,0.0,0.0,0.0,0.0,0.0,0.0,0.0
21857,0.0,0.0,0.0,0.0,0.0,0.0,0.0,0.0,0.0,0.0,0.0,0.0,0.0,0.0,0.0,0.0,0.0,0.0,0.0,0.0
21854,0.0,0.0,0.0,0.0,0.0,0.0,0.0,0.0,0.0,0.0,0.0,0.0,0.0,0.0,0.0,0.0,0.0,0.0,0.0,0.0
3163,1.0,0.0,0.0,1.0,1.0,1.0,1.0,1.0,0.0,1.0,2.0,1.0,1.0,1.0,1.0,1.0,2.0,2.0,2.0,1.0
3164,3.0,2.0,2.0,3.0,3.0,2.0,1.0,1.0,2.0,3.0,3.0,3.0,2.0,2.0,2.0,2.0,3.0,3.0,2.0,2.0
3768,0.0,0.0,0.0,0.0,0.0,0.0,0.0,0.0,0.0,0.0,0.0,0.0,0.0,0.0,0.0,0.0,0.0,0.0,0.0,0.0
3167,1.0,2.0,1.0,2.0,2.0,2.0,2.0,2.0,2.0,2.0,2.0,2.0,2.0,2.0,2.0,2.0,2.0,2.0,2.0,2.0
3769,0.0,0.0,0.0,0.0,0.0,0.0,0.0,0.0,0.0,0.0,0.0,0.0,0.0,0.0,0.0,0.0,0.0,0.0,0.0,0.0
22435,3.0,1.0,1.0,3.0,2.0,2.0,2.0,2.0,1.0,3.0,2.0,2.0,2.0,2.0,2.0,2.0,2.0,2.0,2.0,2.0
29627,0.0,0.0,0.0,0.0,0.0,0.0,0.0,0.0,0.0,0.0,0.0,0.0,0.0,0.0,0.0,0.0,0.0,0.0,0.0,0.0
22434,3.0,1.0,1.0,3.0,2.0,2.0,2.0,2.0,1.0,3.0,2.0,2.0,2.0,2.0,2.0,2.0,2.0,2.0,2.0,2.0
27630,1.0,2.0,1.0,2.0,2.0,2.0,2.0,1.0,2.0,1.0,1.0,1.0,2.0,2.0,2.0,1.0,1.0,1.0,2.0,1.0
29623,1.0,0.0,0.0,2.0,2.0,1.0,1.0,1.0,0.0,2.0,2.0,1.0,1.0,1.0,2.0,2.0,2.0,2.0,3.0,2.0
12534,0.0,0.0,0.0,0.0,0.0,0.0,0.0,0.0,0.0,0.0,0.0,0.0,0.0,0.0,0.0,0.0,0.0,0.0,0.0,0.0
12533,0.0,0.0,0.0,0.0,0.0,0.0,0.0,0.0,0.0,0.0,0.0,0.0,0.0,0.0,0.0,0.0,0.0,0.0,0.0,0.0
22130,0.0,0.0,0.0,0.0,0.0,0.0,0.0,0.0,0.0,0.0,0.0,0.0,0.0,0.0,0.0,0.0,0.0,0.0,0.0,0.0
22678,0.0,0.0,0.0,0.0,0.0,0.0,0.0,0.0,0.0,0.0,0.0,0.0,0.0,0.0,0.0,0.0,0.0,0.0,0.0,0.0
4393,1.0,1.0,0.0,1.0,1.0,1.0,1.0,1.0,1.0,2.0,1.0,1.0,1.0,1.0,1.0,1.0,2.0,2.0,1.0,1.0
5639,1.0,1.0,0.0,1.0,1.0,1.0,1.0,0.0,1.0,1.0,1.0,1.0,1.0,1.0,1.0,1.0,1.0,1.0,1.0,1.0
1970,0.0,1.0,0.0,0.0,0.0,0.0,0.0,0.0,0.0,0.0,0.0,0.0,0.0,0.0,0.0,0.0,0.0,0.0,0.0,0.0
1971,1.0,0.0,0.0,2.0,2.0,1.0,1.0,2.0,0.0,1.0,2.0,1.0,2.0,1.0,2.0,1.0,1.0,2.0,2.0,1.0
1972,0.0,1.0,0.0,0.0,0.0,0.0,0.0,0.0,0.0,0.0,0.0,0.0,0.0,0.0,0.0,0.0,0.0,0.0,0.0,0.0
1973,5.0,3.0,2.0,5.0,4.0,4.0,3.0,3.0,4.0,5.0,4.0,5.0,3.0,3.0,3.0,3.0,4.0,3.0,4.0,3.0
7165,4.0,1.0,0.0,3.0,4.0,2.0,2.0,2.0,1.0,4.0,4.0,3.0,3.0,2.0,2.0,4.0,4.0,4.0,4.0,4.0
19607,2.0,0.0,0.0,1.0,1.0,1.0,1.0,2.0,0.0,2.0,2.0,1.0,2.0,1.0,1.0,2.0,2.0,2.0,2.0,1.0
23929,0.0,2.0,1.0,0.0,0.0,1.0,1.0,1.0,1.0,1.0,0.0,0.0,1.0,1.0,1.0,1.0,1.0,1.0,0.0,1.0
23928,0.0,2.0,1.0,0.0,0.0,1.0,1.0,1.0,1.0,1.0,0.0,0.0,1.0,1.0,1.0,1.0,1.0,1.0,0.0,1.0
7161,4.0,1.0,0.0,3.0,4.0,2.0,2.0,2.0,1.0,4.0,4.0,3.0,3.0,2.0,2.0,4.0,4.0,4.0,4.0,4.0
25337,0.0,0.0,0.0,0.0,0.0,0.0,0.0,0.0,0.0,0.0,0.0,0.0,0.0,0.0,0.0,0.0,0.0,0.0,0.0,0.0
1982,6.0,4.0,3.0,6.0,5.0,5.0,5.0,6.0,4.0,6.0,6.0,6.0,6.0,5.0,6.0,7.0,7.0,6.0,5.0,6.0
1983,6.0,4.0,3.0,6.0,5.0,5.0,5.0,6.0,4.0,6.0,6.0,6.0,6.0,5.0,6.0,7.0,7.0,6.0,5.0,6.0
1987,6.0,4.0,3.0,6.0,5.0,5.0,5.0,6.0,4.0,6.0,6.0,6.0,6.0,5.0,6.0,7.0,7.0,6.0,5.0,6.0
1985,6.0,4.0,3.0,6.0,5.0,5.0,5.0,6.0,4.0,6.0,6.0,6.0,6.0,5.0,6.0,7.0,7.0,6.0,5.0,6.0
1988,5.0,5.0,4.0,5.0,4.0,6.0,5.0,5.0,5.0,6.0,7.0,7.0,6.0,5.0,7.0,6.0,8.0,7.0,8.0,7.0
12456,1.0,1.0,0.0,1.0,1.0,1.0,1.0,1.0,1.0,1.0,1.0,1.0,1.0,1.0,1.0,1.0,1.0,1.0,1.0,1.0
1459,0.0,0.0,0.0,0.0,0.0,0.0,0.0,0.0,0.0,0.0,0.0,0.0,0.0,0.0,0.0,0.0,0.0,0.0,0.0,0.0
12459,0.0,2.0,1.0,1.0,1.0,1.0,1.0,1.0,1.0,1.0,0.0,0.0,1.0,1.0,1.0,0.0,0.0,1.0,1.0,0.0
4777,0.0,1.0,0.0,0.0,0.0,0.0,0.0,0.0,0.0,0.0,0.0,0.0,0.0,0.0,0.0,0.0,0.0,0.0,0.0,0.0
4774,0.0,1.0,0.0,0.0,0.0,0.0,0.0,0.0,0.0,0.0,0.0,0.0,0.0,0.0,0.0,0.0,0.0,0.0,0.0,0.0
18389,1.0,1.0,0.0,1.0,1.0,1.0,1.0,1.0,1.0,1.0,1.0,1.0,1.0,1.0,1.0,1.0,1.0,1.0,1.0,1.0
4775,0.0,1.0,0.0,0.0,0.0,0.0,0.0,0.0,0.0,0.0,0.0,0.0,0.0,0.0,0.0,0.0,0.0,0.0,0.0,0.0
25155,2.0,2.0,1.0,2.0,2.0,2.0,2.0,2.0,2.0,2.0,2.0,2.0,2.0,2.0,2.0,2.0,2.0,2.0,2.0,2.0
1462,0.0,0.0,0.0,0.0,0.0,0.0,0.0,0.0,0.0,0.0,0.0,0.0,0.0,0.0,0.0,0.0,0.0,0.0,0.0,0.0
24663,0.0,2.0,1.0,0.0,0.0,1.0,1.0,1.0,1.0,0.0,0.0,0.0,1.0,1.0,1.0,0.0,0.0,0.0,0.0,0.0
3837,0.0,2.0,1.0,0.0,0.0,1.0,1.0,1.0,1.0,0.0,0.0,0.0,1.0,1.0,1.0,0.0,0.0,0.0,0.0,0.0
3836,0.0,2.0,1.0,0.0,0.0,1.0,1.0,1.0,1.0,0.0,0.0,0.0,1.0,1.0,1.0,0.0,0.0,0.0,0.0,0.0
3839,0.0,2.0,1.0,0.0,0.0,1.0,1.0,1.0,1.0,0.0,0.0,0.0,1.0,1.0,1.0,0.0,0.0,0.0,0.0,0.0
24664,0.0,2.0,1.0,0.0,0.0,1.0,1.0,1.0,1.0,0.0,0.0,0.0,1.0,1.0,1.0,0.0,0.0,0.0,0.0,0.0
3838,0.0,2.0,1.0,0.0,0.0,1.0,1.0,1.0,1.0,0.0,0.0,0.0,1.0,1.0,1.0,0.0,0.0,0.0,0.0,0.0
3833,0.0,0.0,0.0,0.0,0.0,0.0,0.0,0.0,0.0,0.0,0.0,0.0,0.0,0.0,0.0,0.0,0.0,0.0,0.0,0.0
3835,0.0,0.0,0.0,0.0,0.0,0.0,0.0,0.0,0.0,0.0,0.0,0.0,0.0,0.0,0.0,0.0,0.0,0.0,0.0,0.0
3834,0.0,0.0,0.0,0.0,0.0,0.0,0.0,0.0,0.0,0.0,0.0,0.0,0.0,0.0,0.0,0.0,0.0,0.0,0.0,0.0
10493,0.0,0.0,0.0,0.0,0.0,0.0,0.0,0.0,0.0,0.0,0.0,0.0,0.0,0.0,0.0,0.0,0.0,0.0,0.0,0.0
10498,0.0,0.0,0.0,1.0,1.0,0.0,0.0,0.0,0.0,1.0,1.0,1.0,1.0,1.0,1.0,1.0,1.0,1.0,1.0,1.0
30064,3.0,1.0,0.0,3.0,3.0,2.0,2.0,3.0,1.0,3.0,4.0,3.0,2.0,2.0,2.0,3.0,3.0,3.0,4.0,3.0
30063,4.0,0.0,0.0,4.0,4.0,2.0,3.0,3.0,1.0,4.0,4.0,2.0,4.0,2.0,3.0,3.0,4.0,3.0,4.0,3.0
4773,0.0,0.0,0.0,0.0,0.0,0.0,0.0,0.0,0.0,0.0,0.0,0.0,0.0,0.0,0.0,0.0,0.0,0.0,0.0,0.0
4772,0.0,0.0,0.0,0.0,0.0,0.0,0.0,0.0,0.0,0.0,0.0,0.0,0.0,0.0,0.0,0.0,0.0,0.0,0.0,0.0
30070,4.0,1.0,0.0,5.0,4.0,3.0,4.0,4.0,2.0,5.0,5.0,3.0,4.0,3.0,3.0,4.0,5.0,4.0,5.0,3.0
12258,1.0,0.0,0.0,1.0,1.0,1.0,0.0,1.0,0.0,1.0,1.0,1.0,1.0,0.0,1.0,1.0,1.0,1.0,1.0,1.0
13525,0.0,0.0,0.0,0.0,0.0,0.0,0.0,0.0,0.0,0.0,0.0,0.0,0.0,0.0,0.0,0.0,0.0,0.0,0.0,0.0
25171,0.0,0.0,0.0,0.0,0.0,0.0,0.0,0.0,0.0,0.0,0.0,0.0,0.0,0.0,0.0,0.0,0.0,0.0,0.0,0.0
29686,1.0,0.0,0.0,1.0,1.0,1.0,1.0,2.0,0.0,1.0,1.0,1.0,1.0,1.0,0.0,1.0,1.0,1.0,1.0,1.0
22179,0.0,1.0,0.0,0.0,0.0,0.0,0.0,0.0,0.0,0.0,0.0,0.0,0.0,0.0,0.0,0.0,0.0,0.0,0.0,0.0
22178,0.0,1.0,0.0,0.0,0.0,0.0,0.0,0.0,0.0,0.0,0.0,0.0,0.0,0.0,0.0,0.0,0.0,0.0,0.0,0.0
23962,0.0,1.0,0.0,0.0,0.0,0.0,0.0,0.0,0.0,0.0,0.0,0.0,0.0,0.0,0.0,0.0,0.0,0.0,0.0,0.0
23961,0.0,1.0,0.0,0.0,0.0,0.0,0.0,0.0,0.0,0.0,0.0,0.0,0.0,0.0,0.0,0.0,0.0,0.0,0.0,0.0
25170,0.0,0.0,0.0,0.0,0.0,0.0,0.0,0.0,0.0,0.0,0.0,0.0,0.0,0.0,0.0,0.0,0.0,0.0,0.0,0.0
18311,1.0,0.0,0.0,1.0,1.0,1.0,0.0,1.0,0.0,1.0,2.0,1.0,1.0,1.0,1.0,1.0,2.0,2.0,2.0,1.0
18312,1.0,0.0,0.0,1.0,1.0,1.0,0.0,1.0,0.0,1.0,2.0,1.0,1.0,1.0,1.0,1.0,2.0,2.0,2.0,1.0
29698,1.0,0.0,0.0,1.0,1.0,1.0,1.0,1.0,0.0,1.0,0.0,0.0,0.0,0.0,0.0,1.0,1.0,0.0,0.0,1.0
12260,5.0,6.0,5.0,4.0,3.0,7.0,5.0,5.0,6.0,6.0,5.0,7.0,5.0,5.0,6.0,6.0,6.0,6.0,7.0,6.0
5403,1.0,1.0,1.0,2.0,2.0,1.0,0.0,1.0,0.0,2.0,2.0,2.0,1.0,1.0,1.0,2.0,2.0,2.0,3.0,2.0
71,1.0,0.0,0.0,2.0,2.0,1.0,1.0,1.0,1.0,1.0,1.0,1.0,1.0,1.0,1.0,1.0,1.0,1.0,1.0,1.0
30085,0.0,0.0,0.0,0.0,0.0,0.0,0.0,0.0,0.0,0.0,0.0,0.0,0.0,0.0,0.0,0.0,0.0,0.0,0.0,0.0
2372,0.0,1.0,0.0,1.0,1.0,0.0,0.0,0.0,0.0,1.0,1.0,1.0,1.0,1.0,1.0,1.0,1.0,1.0,2.0,1.0
2568,1.0,3.0,2.0,1.0,1.0,1.0,1.0,1.0,2.0,1.0,2.0,2.0,1.0,2.0,1.0,2.0,2.0,2.0,2.0,2.0
12261,0.0,2.0,2.0,0.0,0.0,1.0,0.0,0.0,1.0,0.0,1.0,1.0,1.0,1.0,1.0,1.0,1.0,1.0,1.0,1.0
12262,1.0,0.0,0.0,1.0,1.0,1.0,0.0,1.0,0.0,1.0,1.0,1.0,1.0,0.0,1.0,1.0,1.0,1.0,1.0,1.0
28587,2.0,1.0,2.0,1.0,1.0,1.0,1.0,1.0,1.0,1.0,1.0,2.0,1.0,1.0,1.0,1.0,2.0,1.0,1.0,1.0
28588,1.0,0.0,0.0,1.0,1.0,1.0,0.0,1.0,0.0,1.0,1.0,1.0,1.0,1.0,1.0,1.0,1.0,1.0,1.0,1.0
2561,0.0,0.0,0.0,0.0,0.0,0.0,0.0,0.0,0.0,0.0,0.0,0.0,0.0,0.0,0.0,0.0,0.0,0.0,0.0,0.0
2359,3.0,2.0,1.0,3.0,3.0,3.0,3.0,2.0,2.0,3.0,3.0,3.0,3.0,3.0,2.0,3.0,3.0,3.0,3.0,4.0
2358,3.0,1.0,0.0,3.0,3.0,2.0,3.0,3.0,2.0,3.0,3.0,2.0,3.0,2.0,2.0,4.0,3.0,3.0,3.0,3.0
23055,2.0,0.0,0.0,2.0,2.0,1.0,2.0,2.0,1.0,2.0,1.0,1.0,2.0,1.0,1.0,2.0,2.0,1.0,1.0,1.0
7676,2.0,0.0,0.0,1.0,1.0,1.0,1.0,1.0,1.0,1.0,1.0,1.0,1.0,0.0,1.0,1.0,1.0,1.0,1.0,1.0
22699,1.0,0.0,0.0,1.0,2.0,1.0,1.0,1.0,0.0,1.0,1.0,1.0,1.0,1.0,2.0,1.0,1.0,1.0,1.0,1.0
4542,0.0,2.0,1.0,0.0,0.0,1.0,1.0,1.0,1.0,0.0,0.0,0.0,1.0,1.0,1.0,0.0,0.0,0.0,0.0,0.0
4737,0.0,0.0,0.0,0.0,0.0,0.0,0.0,0.0,0.0,0.0,0.0,0.0,0.0,0.0,0.0,0.0,0.0,0.0,0.0,0.0
4541,0.0,2.0,1.0,0.0,0.0,1.0,1.0,1.0,1.0,0.0,0.0,0.0,1.0,1.0,1.0,0.0,0.0,0.0,0.0,0.0
3807,0.0,0.0,0.0,0.0,0.0,0.0,0.0,0.0,0.0,0.0,0.0,0.0,0.0,0.0,0.0,0.0,0.0,0.0,0.0,0.0
4540,0.0,2.0,1.0,0.0,0.0,1.0,1.0,1.0,1.0,0.0,0.0,0.0,1.0,1.0,1.0,0.0,0.0,0.0,0.0,0.0
1699,2.0,3.0,2.0,1.0,1.0,3.0,2.0,2.0,3.0,2.0,2.0,3.0,3.0,2.0,3.0,2.0,2.0,2.0,2.0,2.0
4538,0.0,0.0,0.0,0.0,0.0,0.0,0.0,0.0,0.0,0.0,0.0,0.0,0.0,0.0,0.0,0.0,0.0,0.0,0.0,0.0
1698,2.0,4.0,5.0,1.0,1.0,4.0,1.0,1.0,4.0,2.0,2.0,5.0,2.0,2.0,3.0,2.0,2.0,2.0,2.0,2.0
12495,1.0,1.0,1.0,1.0,0.0,1.0,1.0,1.0,1.0,1.0,1.0,1.0,1.0,1.0,1.0,1.0,1.0,1.0,1.0,1.0
1697,2.0,2.0,1.0,2.0,2.0,2.0,2.0,2.0,2.0,2.0,2.0,2.0,2.0,2.0,2.0,2.0,2.0,2.0,2.0,2.0
4134,2.0,1.0,1.0,1.0,1.0,1.0,1.0,1.0,1.0,1.0,1.0,1.0,1.0,1.0,1.0,1.0,1.0,1.0,1.0,1.0
11309,0.0,0.0,0.0,0.0,0.0,0.0,0.0,0.0,0.0,0.0,0.0,0.0,0.0,0.0,0.0,0.0,0.0,0.0,0.0,0.0
2361,3.0,2.0,1.0,3.0,3.0,2.0,2.0,1.0,2.0,3.0,3.0,3.0,2.0,3.0,3.0,3.0,3.0,3.0,3.0,4.0
2557,0.0,0.0,0.0,0.0,0.0,0.0,0.0,0.0,0.0,0.0,0.0,0.0,0.0,0.0,0.0,0.0,0.0,0.0,0.0,0.0
18629,1.0,0.0,0.0,0.0,0.0,0.0,0.0,0.0,0.0,1.0,0.0,0.0,0.0,0.0,0.0,1.0,1.0,0.0,0.0,0.0
18141,0.0,0.0,0.0,0.0,0.0,0.0,0.0,0.0,0.0,0.0,0.0,0.0,0.0,0.0,0.0,0.0,0.0,0.0,0.0,0.0
7875,0.0,0.0,0.0,0.0,0.0,0.0,0.0,0.0,0.0,0.0,0.0,0.0,0.0,0.0,0.0,0.0,0.0,0.0,0.0,0.0
2360,2.0,1.0,0.0,3.0,3.0,1.0,2.0,2.0,1.0,3.0,3.0,2.0,2.0,3.0,2.0,3.0,3.0,3.0,3.0,3.0
28589,1.0,0.0,0.0,1.0,1.0,1.0,0.0,1.0,0.0,1.0,1.0,1.0,1.0,1.0,1.0,1.0,1.0,1.0,1.0,1.0
4344,2.0,1.0,0.0,2.0,1.0,1.0,1.0,1.0,1.0,1.0,1.0,1.0,1.0,1.0,1.0,1.0,1.0,1.0,1.0,1.0
44,1.0,1.0,1.0,1.0,1.0,1.0,0.0,0.0,0.0,0.0,1.0,1.0,0.0,1.0,1.0,1.0,1.0,0.0,1.0,1.0
21274,2.0,3.0,2.0,3.0,3.0,3.0,4.0,3.0,3.0,2.0,2.0,2.0,4.0,4.0,4.0,2.0,2.0,2.0,3.0,2.0
21272,2.0,3.0,2.0,3.0,3.0,4.0,3.0,2.0,4.0,2.0,2.0,3.0,3.0,4.0,4.0,2.0,2.0,2.0,3.0,2.0
21273,2.0,3.0,2.0,3.0,3.0,3.0,4.0,3.0,3.0,2.0,2.0,2.0,4.0,4.0,4.0,2.0,2.0,2.0,3.0,2.0
11310,0.0,0.0,0.0,0.0,0.0,0.0,0.0,0.0,0.0,0.0,0.0,0.0,0.0,0.0,0.0,0.0,0.0,0.0,0.0,0.0
23953,1.0,2.0,1.0,1.0,1.0,1.0,2.0,1.0,1.0,1.0,1.0,1.0,1.0,2.0,1.0,1.0,1.0,1.0,1.0,1.0
18897,0.0,0.0,0.0,0.0,0.0,0.0,0.0,0.0,0.0,0.0,0.0,0.0,0.0,0.0,0.0,0.0,0.0,0.0,0.0,0.0
29457,1.0,0.0,0.0,1.0,1.0,0.0,0.0,0.0,0.0,1.0,1.0,1.0,0.0,1.0,1.0,1.0,1.0,1.0,1.0,1.0
29456,1.0,0.0,0.0,1.0,1.0,0.0,0.0,0.0,0.0,1.0,1.0,1.0,0.0,1.0,1.0,1.0,1.0,1.0,1.0,1.0
4309,0.0,0.0,0.0,0.0,0.0,0.0,0.0,0.0,0.0,0.0,0.0,0.0,0.0,0.0,0.0,0.0,0.0,0.0,0.0,0.0
17701,1.0,0.0,0.0,1.0,1.0,1.0,0.0,1.0,0.0,1.0,1.0,1.0,1.0,1.0,1.0,1.0,1.0,1.0,1.0,1.0
5026,1.0,1.0,0.0,1.0,1.0,1.0,1.0,1.0,1.0,1.0,1.0,1.0,1.0,1.0,1.0,1.0,1.0,1.0,1.0,1.0
489,2.0,2.0,1.0,2.0,1.0,2.0,3.0,2.0,2.0,2.0,1.0,1.0,2.0,2.0,2.0,2.0,2.0,1.0,1.0,2.0
5848,0.0,0.0,0.0,0.0,0.0,0.0,0.0,0.0,0.0,0.0,0.0,0.0,0.0,0.0,0.0,0.0,0.0,0.0,0.0,0.0
7808,0.0,0.0,0.0,0.0,0.0,0.0,0.0,0.0,0.0,0.0,0.0,0.0,0.0,0.0,0.0,0.0,0.0,0.0,0.0,0.0
5846,1.0,1.0,0.0,1.0,1.0,1.0,1.0,1.0,1.0,1.0,1.0,1.0,1.0,1.0,1.0,1.0,1.0,1.0,1.0,1.0
481,0.0,0.0,0.0,0.0,0.0,0.0,0.0,0.0,0.0,0.0,0.0,0.0,0.0,0.0,0.0,0.0,0.0,0.0,0.0,0.0
29255,1.0,0.0,0.0,1.0,0.0,0.0,0.0,0.0,0.0,0.0,0.0,0.0,0.0,0.0,0.0,1.0,1.0,0.0,0.0,0.0
18151,1.0,2.0,1.0,2.0,2.0,2.0,2.0,2.0,2.0,2.0,2.0,2.0,2.0,2.0,2.0,2.0,2.0,2.0,2.0,2.0
17506,0.0,0.0,0.0,0.0,0.0,0.0,0.0,0.0,0.0,0.0,0.0,0.0,0.0,0.0,0.0,0.0,0.0,0.0,0.0,0.0
26074,0.0,1.0,0.0,0.0,0.0,0.0,0.0,0.0,0.0,0.0,0.0,0.0,0.0,0.0,0.0,0.0,0.0,0.0,0.0,0.0
17507,0.0,0.0,0.0,0.0,0.0,0.0,0.0,0.0,0.0,0.0,0.0,0.0,0.0,0.0,0.0,0.0,0.0,0.0,0.0,0.0
26075,0.0,1.0,0.0,0.0,0.0,0.0,0.0,0.0,0.0,0.0,0.0,0.0,0.0,0.0,0.0,0.0,0.0,0.0,0.0,0.0
1282,0.0,1.0,0.0,0.0,0.0,0.0,0.0,0.0,0.0,0.0,0.0,0.0,0.0,0.0,0.0,0.0,0.0,0.0,0.0,0.0
10807,0.0,0.0,0.0,0.0,0.0,0.0,0.0,0.0,0.0,0.0,0.0,0.0,0.0,0.0,0.0,0.0,0.0,0.0,0.0,0.0
17509,0.0,0.0,0.0,0.0,0.0,0.0,0.0,0.0,0.0,0.0,0.0,0.0,0.0,0.0,0.0,0.0,0.0,0.0,0.0,0.0
271,0.0,1.0,0.0,0.0,0.0,1.0,0.0,0.0,0.0,1.0,0.0,0.0,0.0,0.0,0.0,1.0,1.0,0.0,0.0,1.0
273,0.0,0.0,0.0,0.0,0.0,0.0,0.0,0.0,0.0,0.0,0.0,0.0,0.0,0.0,0.0,0.0,0.0,0.0,0.0,0.0
7412,3.0,1.0,0.0,2.0,2.0,3.0,3.0,4.0,2.0,3.0,2.0,2.0,3.0,1.0,1.0,3.0,2.0,2.0,2.0,2.0
5830,3.0,0.0,0.0,3.0,3.0,1.0,2.0,2.0,1.0,3.0,3.0,2.0,3.0,2.0,2.0,3.0,3.0,2.0,2.0,3.0
4591,0.0,0.0,0.0,0.0,0.0,0.0,0.0,0.0,0.0,0.0,0.0,0.0,0.0,0.0,0.0,0.0,0.0,0.0,0.0,0.0
5029,1.0,1.0,0.0,1.0,1.0,1.0,1.0,1.0,1.0,1.0,1.0,1.0,1.0,1.0,1.0,1.0,1.0,1.0,1.0,1.0
23476,2.0,0.0,0.0,2.0,1.0,1.0,1.0,1.0,1.0,1.0,1.0,1.0,1.0,1.0,1.0,1.0,1.0,1.0,1.0,1.0
26453,0.0,0.0,0.0,0.0,0.0,0.0,0.0,0.0,0.0,0.0,0.0,0.0,0.0,0.0,0.0,0.0,0.0,0.0,0.0,0.0
16764,2.0,2.0,1.0,2.0,3.0,2.0,1.0,1.0,1.0,2.0,4.0,3.0,2.0,2.0,3.0,2.0,3.0,3.0,3.0,3.0
29447,0.0,0.0,0.0,0.0,0.0,0.0,0.0,0.0,0.0,0.0,0.0,0.0,0.0,0.0,0.0,0.0,0.0,0.0,0.0,0.0
16767,0.0,0.0,0.0,0.0,0.0,0.0,0.0,0.0,0.0,0.0,0.0,0.0,0.0,0.0,0.0,0.0,0.0,0.0,0.0,0.0
5414,2.0,1.0,1.0,2.0,2.0,1.0,1.0,1.0,1.0,2.0,2.0,2.0,2.0,1.0,2.0,2.0,2.0,2.0,2.0,2.0
5415,1.0,0.0,0.0,1.0,1.0,1.0,0.0,1.0,0.0,1.0,2.0,1.0,1.0,1.0,1.0,1.0,2.0,2.0,2.0,2.0
26675,0.0,1.0,0.0,0.0,0.0,0.0,0.0,0.0,0.0,0.0,0.0,0.0,0.0,0.0,0.0,0.0,0.0,0.0,0.0,0.0
17723,1.0,2.0,1.0,1.0,1.0,2.0,2.0,2.0,1.0,1.0,1.0,1.0,2.0,2.0,2.0,1.0,1.0,1.0,1.0,1.0
8650,0.0,0.0,0.0,0.0,0.0,0.0,0.0,0.0,0.0,0.0,0.0,0.0,0.0,0.0,0.0,0.0,0.0,0.0,0.0,0.0
25988,1.0,0.0,0.0,1.0,1.0,1.0,1.0,1.0,0.0,1.0,1.0,1.0,1.0,1.0,1.0,1.0,1.0,1.0,1.0,1.0
17721,1.0,3.0,2.0,1.0,1.0,2.0,2.0,1.0,2.0,1.0,2.0,2.0,2.0,2.0,2.0,1.0,1.0,1.0,1.0,2.0
17722,1.0,2.0,1.0,1.0,1.0,2.0,2.0,2.0,1.0,1.0,1.0,1.0,2.0,2.0,2.0,1.0,1.0,1.0,1.0,1.0
17727,1.0,2.0,1.0,1.0,1.0,2.0,2.0,2.0,1.0,1.0,1.0,1.0,2.0,2.0,2.0,1.0,1.0,1.0,1.0,1.0
17725,2.0,2.0,1.0,1.0,1.0,2.0,2.0,2.0,1.0,1.0,1.0,2.0,2.0,2.0,2.0,2.0,2.0,1.0,1.0,1.0
17726,2.0,2.0,1.0,1.0,1.0,2.0,2.0,2.0,1.0,1.0,1.0,2.0,2.0,2.0,2.0,2.0,2.0,1.0,1.0,1.0
2792,1.0,2.0,2.0,2.0,1.0,1.0,1.0,0.0,1.0,2.0,1.0,2.0,1.0,1.0,1.0,1.0,1.0,1.0,1.0,1.0
6580,1.0,1.0,0.0,1.0,1.0,1.0,1.0,1.0,1.0,1.0,1.0,1.0,1.0,1.0,1.0,1.0,1.0,1.0,1.0,1.0
17924,1.0,3.0,2.0,1.0,1.0,3.0,3.0,3.0,3.0,1.0,1.0,2.0,3.0,3.0,4.0,2.0,1.0,1.0,1.0,2.0
26674,0.0,1.0,0.0,0.0,0.0,0.0,0.0,0.0,0.0,0.0,0.0,0.0,0.0,0.0,0.0,0.0,0.0,0.0,0.0,0.0
17927,0.0,0.0,0.0,0.0,0.0,0.0,0.0,0.0,0.0,0.0,0.0,0.0,0.0,0.0,0.0,0.0,0.0,0.0,0.0,0.0
5427,0.0,1.0,0.0,0.0,0.0,0.0,0.0,0.0,0.0,0.0,0.0,0.0,0.0,0.0,0.0,0.0,0.0,0.0,0.0,0.0
5423,0.0,1.0,0.0,0.0,0.0,0.0,0.0,0.0,0.0,0.0,0.0,0.0,0.0,0.0,0.0,0.0,0.0,0.0,0.0,0.0
5425,0.0,1.0,0.0,0.0,0.0,0.0,0.0,0.0,0.0,0.0,0.0,0.0,0.0,0.0,0.0,0.0,0.0,0.0,0.0,0.0
20875,0.0,0.0,0.0,0.0,0.0,0.0,0.0,0.0,0.0,0.0,0.0,0.0,0.0,0.0,0.0,0.0,0.0,0.0,0.0,0.0
5053,1.0,1.0,0.0,1.0,1.0,1.0,1.0,0.0,1.0,1.0,1.0,1.0,1.0,1.0,1.0,1.0,1.0,1.0,1.0,1.0
5054,1.0,3.0,2.0,2.0,2.0,2.0,1.0,1.0,2.0,2.0,2.0,3.0,2.0,2.0,1.0,2.0,2.0,2.0,2.0,2.0
490,1.0,4.0,3.0,1.0,1.0,2.0,1.0,1.0,3.0,1.0,2.0,3.0,2.0,3.0,3.0,1.0,1.0,2.0,1.0,2.0
14606,0.0,0.0,0.0,0.0,0.0,0.0,0.0,0.0,0.0,0.0,0.0,0.0,0.0,0.0,0.0,0.0,0.0,0.0,0.0,0.0
16744,1.0,0.0,0.0,1.0,1.0,0.0,0.0,0.0,0.0,1.0,1.0,1.0,1.0,1.0,1.0,1.0,1.0,1.0,1.0,1.0
5892,0.0,0.0,0.0,0.0,0.0,0.0,0.0,0.0,0.0,0.0,0.0,0.0,0.0,0.0,0.0,0.0,0.0,0.0,0.0,0.0
11573,0.0,0.0,0.0,0.0,0.0,0.0,0.0,0.0,0.0,0.0,0.0,0.0,0.0,0.0,0.0,0.0,0.0,0.0,0.0,0.0
11572,0.0,0.0,0.0,0.0,0.0,0.0,0.0,0.0,0.0,0.0,0.0,0.0,0.0,0.0,0.0,0.0,0.0,0.0,0.0,0.0
1253,0.0,0.0,0.0,0.0,0.0,0.0,0.0,0.0,0.0,0.0,0.0,0.0,0.0,0.0,0.0,0.0,0.0,0.0,0.0,0.0
25364,3.0,2.0,1.0,2.0,2.0,3.0,3.0,3.0,2.0,3.0,3.0,3.0,3.0,3.0,3.0,3.0,3.0,3.0,2.0,3.0
29219,0.0,0.0,0.0,0.0,0.0,0.0,0.0,0.0,0.0,0.0,0.0,0.0,0.0,0.0,0.0,0.0,0.0,0.0,0.0,0.0
25365,4.0,1.0,0.0,3.0,4.0,2.0,3.0,2.0,2.0,4.0,4.0,3.0,3.0,2.0,2.0,4.0,4.0,4.0,4.0,3.0
22631,0.0,1.0,1.0,0.0,0.0,0.0,0.0,0.0,0.0,0.0,1.0,1.0,0.0,0.0,0.0,0.0,0.0,0.0,0.0,0.0
1244,0.0,0.0,0.0,0.0,0.0,0.0,0.0,0.0,0.0,0.0,0.0,0.0,0.0,0.0,0.0,0.0,0.0,0.0,0.0,0.0
1249,0.0,0.0,0.0,0.0,0.0,0.0,0.0,0.0,0.0,0.0,0.0,0.0,0.0,0.0,0.0,0.0,0.0,0.0,0.0,0.0
1247,0.0,0.0,0.0,0.0,0.0,0.0,0.0,0.0,0.0,0.0,0.0,0.0,0.0,0.0,0.0,0.0,0.0,0.0,0.0,0.0
12053,0.0,0.0,0.0,0.0,0.0,0.0,0.0,0.0,0.0,0.0,0.0,0.0,0.0,0.0,0.0,0.0,0.0,0.0,0.0,0.0
16719,1.0,2.0,1.0,2.0,2.0,2.0,2.0,1.0,2.0,1.0,1.0,1.0,2.0,2.0,2.0,1.0,1.0,1.0,2.0,1.0
16718,1.0,2.0,1.0,2.0,2.0,2.0,2.0,1.0,2.0,1.0,1.0,1.0,2.0,2.0,2.0,1.0,1.0,1.0,2.0,1.0
16717,1.0,2.0,1.0,2.0,2.0,2.0,2.0,1.0,2.0,1.0,1.0,1.0,2.0,2.0,2.0,1.0,1.0,1.0,2.0,1.0
1945,1.0,1.0,0.0,1.0,1.0,1.0,1.0,1.0,1.0,2.0,2.0,1.0,1.0,1.0,1.0,1.0,2.0,2.0,2.0,1.0
230,0.0,1.0,0.0,0.0,0.0,1.0,0.0,0.0,0.0,1.0,0.0,0.0,0.0,0.0,0.0,1.0,1.0,0.0,0.0,1.0
6310,1.0,0.0,0.0,1.0,1.0,1.0,0.0,1.0,0.0,1.0,1.0,1.0,1.0,0.0,1.0,1.0,1.0,1.0,1.0,1.0
6505,1.0,3.0,2.0,1.0,1.0,1.0,1.0,1.0,1.0,1.0,1.0,2.0,1.0,2.0,1.0,1.0,1.0,1.0,1.0,1.0
6311,0.0,0.0,0.0,0.0,0.0,0.0,0.0,0.0,0.0,0.0,0.0,0.0,0.0,0.0,0.0,0.0,0.0,0.0,0.0,0.0
7138,0.0,0.0,0.0,0.0,0.0,0.0,0.0,0.0,0.0,0.0,0.0,0.0,0.0,0.0,0.0,0.0,0.0,0.0,0.0,0.0
6312,2.0,0.0,0.0,2.0,2.0,2.0,2.0,3.0,1.0,2.0,2.0,1.0,2.0,1.0,1.0,2.0,2.0,2.0,1.0,1.0
1941,0.0,0.0,0.0,0.0,0.0,0.0,0.0,0.0,0.0,0.0,0.0,0.0,0.0,0.0,0.0,0.0,0.0,0.0,0.0,0.0
1940,0.0,0.0,0.0,0.0,0.0,0.0,0.0,0.0,0.0,0.0,0.0,0.0,0.0,0.0,0.0,0.0,0.0,0.0,0.0,0.0
1942,1.0,1.0,0.0,1.0,1.0,1.0,1.0,1.0,1.0,2.0,2.0,1.0,1.0,1.0,1.0,1.0,2.0,2.0,2.0,1.0
6504,0.0,0.0,0.0,0.0,0.0,0.0,0.0,0.0,0.0,0.0,0.0,0.0,0.0,0.0,0.0,0.0,0.0,0.0,0.0,0.0
16725,2.0,1.0,1.0,2.0,2.0,2.0,2.0,2.0,1.0,2.0,2.0,2.0,2.0,1.0,2.0,2.0,2.0,2.0,2.0,2.0
6307,2.0,2.0,2.0,2.0,2.0,2.0,0.0,1.0,1.0,2.0,2.0,2.0,1.0,1.0,2.0,1.0,1.0,1.0,1.0,2.0
16726,2.0,0.0,0.0,2.0,2.0,1.0,1.0,2.0,1.0,2.0,2.0,1.0,2.0,1.0,2.0,2.0,2.0,2.0,1.0,2.0
6304,0.0,2.0,1.0,0.0,0.0,1.0,1.0,1.0,1.0,0.0,0.0,0.0,1.0,1.0,1.0,0.0,0.0,0.0,0.0,0.0
1042,1.0,2.0,1.0,2.0,2.0,2.0,2.0,2.0,2.0,2.0,2.0,2.0,2.0,2.0,2.0,2.0,2.0,2.0,2.0,2.0
6306,0.0,2.0,1.0,0.0,0.0,1.0,1.0,1.0,1.0,0.0,0.0,0.0,1.0,1.0,1.0,0.0,0.0,0.0,0.0,0.0
6305,0.0,2.0,1.0,0.0,0.0,1.0,1.0,1.0,1.0,0.0,0.0,0.0,1.0,1.0,1.0,0.0,0.0,0.0,0.0,0.0
234,0.0,1.0,1.0,0.0,0.0,0.0,0.0,0.0,0.0,0.0,1.0,1.0,1.0,0.0,1.0,0.0,0.0,1.0,0.0,1.0
26639,1.0,0.0,0.0,1.0,1.0,0.0,1.0,0.0,0.0,0.0,0.0,0.0,1.0,1.0,1.0,1.0,1.0,0.0,0.0,0.0
1954,0.0,0.0,0.0,0.0,0.0,0.0,0.0,0.0,0.0,0.0,0.0,0.0,0.0,0.0,0.0,0.0,0.0,0.0,0.0,0.0
1953,0.0,0.0,0.0,0.0,0.0,0.0,0.0,0.0,0.0,0.0,0.0,0.0,0.0,0.0,0.0,0.0,0.0,0.0,0.0,0.0
1029,1.0,2.0,1.0,1.0,1.0,1.0,2.0,1.0,1.0,1.0,1.0,1.0,1.0,2.0,1.0,1.0,1.0,1.0,1.0,1.0
1028,3.0,2.0,2.0,2.0,2.0,3.0,2.0,2.0,2.0,3.0,2.0,3.0,2.0,2.0,2.0,2.0,3.0,2.0,2.0,2.0
1026,1.0,0.0,0.0,1.0,1.0,1.0,0.0,1.0,0.0,2.0,2.0,1.0,1.0,1.0,1.0,2.0,2.0,2.0,2.0,2.0
1025,1.0,1.0,1.0,1.0,1.0,1.0,1.0,0.0,1.0,2.0,2.0,2.0,1.0,1.0,1.0,1.0,2.0,2.0,2.0,2.0
6544,1.0,2.0,1.0,1.0,1.0,2.0,1.0,1.0,1.0,1.0,2.0,2.0,1.0,2.0,2.0,2.0,2.0,2.0,2.0,2.0
6543,1.0,1.0,0.0,1.0,1.0,1.0,1.0,0.0,1.0,1.0,1.0,1.0,1.0,1.0,1.0,1.0,1.0,1.0,1.0,1.0
16970,2.0,1.0,0.0,2.0,2.0,1.0,1.0,2.0,1.0,3.0,3.0,2.0,2.0,1.0,2.0,3.0,3.0,3.0,2.0,3.0
269,0.0,1.0,1.0,0.0,0.0,0.0,0.0,0.0,0.0,0.0,1.0,1.0,1.0,0.0,1.0,0.0,0.0,1.0,0.0,1.0
22808,1.0,1.0,0.0,1.0,1.0,1.0,1.0,1.0,1.0,1.0,1.0,1.0,1.0,1.0,1.0,1.0,1.0,1.0,1.0,1.0
1967,0.0,1.0,0.0,0.0,0.0,0.0,0.0,0.0,0.0,0.0,0.0,0.0,0.0,0.0,0.0,0.0,0.0,0.0,0.0,0.0
1968,0.0,1.0,0.0,0.0,0.0,0.0,0.0,0.0,0.0,0.0,0.0,0.0,0.0,0.0,0.0,0.0,0.0,0.0,0.0,0.0
7150,4.0,1.0,0.0,3.0,4.0,2.0,2.0,2.0,1.0,4.0,4.0,3.0,3.0,2.0,2.0,4.0,4.0,4.0,4.0,4.0
20087,0.0,0.0,0.0,0.0,0.0,0.0,0.0,0.0,0.0,0.0,0.0,0.0,0.0,0.0,0.0,0.0,0.0,0.0,0.0,0.0
7153,2.0,4.0,4.0,1.0,1.0,4.0,1.0,1.0,3.0,2.0,2.0,4.0,2.0,2.0,3.0,2.0,2.0,2.0,2.0,3.0
27242,0.0,0.0,0.0,0.0,0.0,0.0,0.0,0.0,0.0,0.0,0.0,0.0,0.0,0.0,0.0,0.0,0.0,0.0,0.0,0.0
17560,0.0,1.0,0.0,0.0,0.0,1.0,0.0,0.0,0.0,1.0,0.0,0.0,0.0,0.0,0.0,1.0,1.0,0.0,0.0,1.0
17561,0.0,1.0,0.0,0.0,0.0,1.0,0.0,0.0,0.0,1.0,0.0,0.0,0.0,0.0,0.0,1.0,1.0,0.0,0.0,1.0
29220,0.0,0.0,0.0,0.0,0.0,0.0,0.0,0.0,0.0,0.0,0.0,0.0,0.0,0.0,0.0,0.0,0.0,0.0,0.0,0.0
16199,0.0,0.0,0.0,0.0,0.0,0.0,0.0,0.0,0.0,0.0,0.0,0.0,0.0,0.0,0.0,0.0,0.0,0.0,0.0,0.0
5471,0.0,1.0,0.0,0.0,0.0,0.0,0.0,0.0,0.0,0.0,0.0,0.0,0.0,0.0,0.0,0.0,0.0,0.0,0.0,0.0
20082,3.0,1.0,0.0,3.0,3.0,2.0,2.0,2.0,1.0,3.0,4.0,2.0,2.0,2.0,2.0,3.0,3.0,3.0,3.0,3.0
22819,0.0,0.0,0.0,0.0,0.0,0.0,0.0,0.0,0.0,0.0,0.0,0.0,0.0,0.0,0.0,0.0,0.0,0.0,0.0,0.0
15843,0.0,0.0,0.0,0.0,0.0,0.0,0.0,0.0,0.0,0.0,0.0,0.0,0.0,0.0,0.0,0.0,0.0,0.0,0.0,0.0
254,4.0,1.0,0.0,3.0,4.0,2.0,3.0,2.0,2.0,4.0,4.0,3.0,3.0,2.0,2.0,4.0,4.0,4.0,4.0,3.0
15844,2.0,1.0,0.0,2.0,2.0,2.0,1.0,2.0,1.0,2.0,2.0,2.0,2.0,1.0,1.0,2.0,2.0,2.0,2.0,2.0
