22529,1.0,0.0,0.0,0.0,0.0,0.0,1.0,1.0,1.0,0.0,0.0,0.0
22528,1.0,0.0,0.0,0.0,0.0,0.0,1.0,1.0,1.0,0.0,0.0,0.0
23658,1.0,0.0,0.0,1.0,0.0,0.0,0.0,0.0,1.0,0.0,0.0,0.0
29503,0.0,0.0,0.0,0.0,0.0,0.0,0.0,0.0,0.0,0.0,0.0,0.0
28063,0.0,0.0,0.0,0.0,0.0,0.0,0.0,0.0,0.0,0.0,0.0,0.0
28062,0.0,0.0,0.0,0.0,0.0,0.0,0.0,0.0,0.0,0.0,0.0,0.0
946,0.0,0.0,0.0,0.0,0.0,0.0,0.0,0.0,0.0,0.0,0.0,0.0
16400,0.0,0.0,0.0,0.0,0.0,0.0,0.0,0.0,0.0,0.0,0.0,0.0
23657,1.0,0.0,0.0,1.0,0.0,0.0,0.0,0.0,1.0,0.0,0.0,0.0
27785,2.0,0.0,0.0,2.0,1.0,2.0,2.0,2.0,1.0,1.0,2.0,1.0
947,0.0,0.0,0.0,0.0,0.0,0.0,0.0,0.0,0.0,0.0,0.0,0.0
3287,1.0,0.0,0.0,0.0,1.0,1.0,1.0,1.0,1.0,0.0,0.0,0.0
25790,0.0,0.0,0.0,0.0,0.0,0.0,0.0,0.0,0.0,0.0,0.0,0.0
5368,0.0,0.0,0.0,0.0,0.0,0.0,0.0,0.0,0.0,0.0,0.0,0.0
5369,0.0,0.0,0.0,0.0,0.0,0.0,0.0,0.0,0.0,0.0,0.0,0.0
1821,1.0,0.0,0.0,1.0,1.0,1.0,1.0,1.0,1.0,1.0,1.0,1.0
534,0.0,0.0,0.0,0.0,0.0,0.0,0.0,0.0,0.0,0.0,0.0,0.0
533,0.0,0.0,0.0,0.0,0.0,0.0,0.0,0.0,0.0,0.0,0.0,0.0
6865,0.0,0.0,0.0,0.0,0.0,0.0,0.0,0.0,0.0,0.0,0.0,0.0
2954,0.0,1.0,1.0,0.0,1.0,1.0,1.0,0.0,0.0,0.0,1.0,1.0
532,0.0,0.0,0.0,0.0,0.0,0.0,0.0,0.0,0.0,0.0,0.0,0.0
25791,0.0,0.0,0.0,0.0,0.0,0.0,0.0,0.0,0.0,0.0,0.0,0.0
6864,0.0,0.0,0.0,0.0,0.0,0.0,0.0,0.0,0.0,0.0,0.0,0.0
16401,0.0,0.0,0.0,0.0,0.0,0.0,0.0,0.0,0.0,0.0,0.0,0.0
2956,0.0,1.0,1.0,0.0,1.0,1.0,1.0,0.0,0.0,0.0,1.0,1.0
6495,2.0,1.0,1.0,3.0,2.0,2.0,2.0,2.0,3.0,2.0,2.0,2.0
14681,0.0,0.0,0.0,0.0,0.0,0.0,0.0,0.0,0.0,0.0,0.0,0.0
22110,0.0,1.0,2.0,0.0,1.0,1.0,1.0,0.0,1.0,1.0,1.0,1.0
14684,0.0,0.0,0.0,0.0,0.0,0.0,0.0,0.0,0.0,0.0,0.0,0.0
14674,0.0,1.0,1.0,0.0,0.0,0.0,0.0,0.0,1.0,1.0,0.0,0.0
20446,2.0,0.0,0.0,1.0,1.0,1.0,1.0,1.0,1.0,0.0,1.0,1.0
20445,0.0,0.0,0.0,1.0,0.0,0.0,0.0,0.0,1.0,0.0,0.0,0.0
29039,0.0,0.0,0.0,0.0,0.0,0.0,0.0,0.0,0.0,0.0,0.0,0.0
15344,0.0,0.0,0.0,0.0,0.0,0.0,0.0,0.0,0.0,0.0,0.0,0.0
6882,3.0,2.0,1.0,2.0,2.0,3.0,3.0,2.0,2.0,2.0,2.0,2.0
20444,0.0,0.0,0.0,1.0,0.0,0.0,0.0,0.0,1.0,0.0,0.0,0.0
20443,1.0,0.0,1.0,1.0,1.0,1.0,1.0,1.0,1.0,1.0,1.0,1.0
3298,1.0,1.0,1.0,0.0,1.0,1.0,1.0,1.0,1.0,1.0,1.0,1.0
10091,0.0,0.0,0.0,0.0,0.0,0.0,0.0,0.0,0.0,0.0,0.0,0.0
546,2.0,2.0,1.0,1.0,2.0,2.0,3.0,2.0,2.0,2.0,2.0,2.0
545,4.0,2.0,3.0,3.0,3.0,2.0,2.0,3.0,3.0,4.0,3.0,3.0
22126,3.0,0.0,0.0,3.0,2.0,4.0,3.0,3.0,4.0,2.0,4.0,3.0
20033,0.0,0.0,0.0,1.0,0.0,0.0,0.0,1.0,2.0,1.0,1.0,2.0
14672,1.0,0.0,0.0,0.0,0.0,0.0,0.0,1.0,1.0,0.0,0.0,0.0
6085,4.0,5.0,5.0,4.0,6.0,3.0,3.0,4.0,3.0,5.0,3.0,4.0
10089,2.0,0.0,0.0,1.0,2.0,2.0,2.0,2.0,2.0,1.0,1.0,1.0
23634,0.0,1.0,1.0,0.0,1.0,1.0,1.0,0.0,0.0,0.0,1.0,1.0
10084,2.0,0.0,0.0,1.0,2.0,2.0,2.0,2.0,2.0,1.0,1.0,1.0
10083,2.0,0.0,0.0,1.0,2.0,2.0,2.0,2.0,2.0,1.0,1.0,1.0
13734,1.0,1.0,1.0,0.0,1.0,1.0,2.0,1.0,1.0,1.0,1.0,1.0
10086,2.0,0.0,0.0,1.0,2.0,2.0,2.0,2.0,2.0,1.0,1.0,1.0
13735,0.0,0.0,0.0,0.0,0.0,0.0,0.0,0.0,0.0,0.0,0.0,0.0
17261,1.0,0.0,0.0,1.0,1.0,0.0,1.0,1.0,1.0,1.0,1.0,1.0
10081,2.0,2.0,3.0,1.0,1.0,1.0,1.0,2.0,2.0,3.0,2.0,2.0
20064,0.0,0.0,0.0,0.0,0.0,0.0,0.0,0.0,0.0,0.0,0.0,0.0
20065,0.0,0.0,0.0,0.0,0.0,0.0,0.0,0.0,0.0,0.0,0.0,0.0
20066,0.0,0.0,0.0,0.0,0.0,0.0,0.0,0.0,0.0,0.0,0.0,0.0
17262,1.0,0.0,0.0,1.0,1.0,0.0,1.0,1.0,1.0,1.0,1.0,1.0
20067,7.0,1.0,1.0,7.0,4.0,10.0,9.0,8.0,4.0,3.0,7.0,3.0
25767,0.0,0.0,0.0,0.0,0.0,0.0,0.0,0.0,0.0,0.0,0.0,0.0
916,1.0,1.0,1.0,0.0,0.0,0.0,0.0,0.0,0.0,0.0,0.0,0.0
16917,1.0,0.0,0.0,1.0,0.0,1.0,1.0,1.0,0.0,0.0,1.0,1.0
28860,0.0,0.0,0.0,0.0,0.0,0.0,0.0,0.0,0.0,0.0,0.0,0.0
917,0.0,0.0,0.0,0.0,0.0,0.0,0.0,0.0,0.0,0.0,0.0,0.0
16919,0.0,0.0,0.0,0.0,0.0,0.0,0.0,0.0,0.0,0.0,0.0,0.0
29016,0.0,0.0,0.0,0.0,0.0,0.0,0.0,0.0,0.0,0.0,0.0,0.0
29015,5.0,2.0,1.0,5.0,4.0,6.0,5.0,5.0,4.0,3.0,6.0,4.0
10076,1.0,0.0,0.0,0.0,1.0,1.0,1.0,1.0,1.0,1.0,0.0,0.0
10075,1.0,1.0,1.0,0.0,0.0,0.0,0.0,1.0,1.0,1.0,1.0,1.0
10073,0.0,0.0,0.0,0.0,0.0,0.0,0.0,0.0,0.0,0.0,0.0,0.0
2963,0.0,1.0,2.0,0.0,1.0,1.0,1.0,0.0,1.0,1.0,1.0,1.0
22102,1.0,0.0,0.0,0.0,0.0,0.0,0.0,0.0,1.0,0.0,0.0,0.0
980,0.0,0.0,0.0,0.0,0.0,0.0,0.0,0.0,0.0,0.0,0.0,0.0
10958,6.0,3.0,2.0,6.0,5.0,7.0,6.0,6.0,7.0,5.0,7.0,6.0
14234,0.0,0.0,0.0,0.0,0.0,0.0,0.0,0.0,0.0,0.0,0.0,0.0
5327,0.0,0.0,0.0,0.0,0.0,0.0,0.0,0.0,0.0,0.0,0.0,0.0
13104,0.0,0.0,0.0,0.0,0.0,0.0,0.0,0.0,0.0,0.0,0.0,0.0
13103,0.0,0.0,0.0,0.0,0.0,0.0,0.0,0.0,0.0,0.0,0.0,0.0
2994,0.0,0.0,0.0,0.0,0.0,0.0,0.0,0.0,0.0,0.0,0.0,0.0
2102,1.0,1.0,1.0,0.0,0.0,0.0,0.0,1.0,1.0,1.0,0.0,0.0
10062,0.0,1.0,1.0,1.0,0.0,0.0,0.0,0.0,1.0,1.0,0.0,0.0
577,0.0,0.0,0.0,0.0,0.0,0.0,0.0,0.0,0.0,0.0,0.0,0.0
977,0.0,2.0,2.0,0.0,1.0,2.0,1.0,0.0,1.0,1.0,1.0,1.0
976,2.0,0.0,0.0,1.0,1.0,2.0,2.0,1.0,0.0,0.0,1.0,1.0
7587,1.0,1.0,1.0,2.0,1.0,1.0,2.0,2.0,2.0,2.0,2.0,2.0
978,1.0,2.0,1.0,0.0,2.0,2.0,1.0,1.0,1.0,1.0,1.0,1.0
14638,0.0,0.0,0.0,0.0,0.0,0.0,0.0,0.0,0.0,0.0,0.0,0.0
5320,2.0,3.0,2.0,2.0,3.0,3.0,3.0,2.0,2.0,2.0,3.0,3.0
7584,2.0,0.0,0.0,1.0,2.0,2.0,2.0,2.0,2.0,1.0,1.0,1.0
7585,4.0,1.0,1.0,3.0,2.0,2.0,2.0,4.0,4.0,3.0,3.0,3.0
5321,2.0,3.0,2.0,2.0,3.0,3.0,3.0,2.0,2.0,2.0,3.0,3.0
7582,3.0,0.0,0.0,2.0,1.0,2.0,2.0,3.0,3.0,2.0,1.0,2.0
5322,2.0,3.0,2.0,2.0,3.0,3.0,3.0,2.0,2.0,2.0,3.0,3.0
2121,0.0,0.0,0.0,0.0,0.0,0.0,0.0,0.0,0.0,0.0,0.0,0.0
7583,4.0,0.0,0.0,3.0,2.0,2.0,4.0,4.0,4.0,3.0,3.0,2.0
7581,4.0,0.0,0.0,3.0,2.0,2.0,4.0,4.0,4.0,3.0,3.0,2.0
971,0.0,2.0,2.0,0.0,1.0,1.0,1.0,0.0,1.0,1.0,1.0,1.0
973,1.0,2.0,1.0,0.0,2.0,2.0,1.0,1.0,1.0,1.0,1.0,1.0
14637,0.0,0.0,0.0,0.0,0.0,0.0,0.0,0.0,0.0,0.0,0.0,0.0
29559,0.0,0.0,0.0,0.0,0.0,0.0,0.0,0.0,0.0,0.0,0.0,0.0
14636,0.0,0.0,0.0,0.0,0.0,0.0,0.0,0.0,0.0,0.0,0.0,0.0
975,0.0,2.0,2.0,0.0,1.0,2.0,1.0,0.0,1.0,1.0,1.0,1.0
974,1.0,0.0,0.0,1.0,0.0,1.0,1.0,1.0,0.0,0.0,1.0,1.0
13747,0.0,0.0,0.0,0.0,0.0,0.0,0.0,0.0,0.0,0.0,0.0,0.0
5318,2.0,3.0,2.0,2.0,3.0,3.0,3.0,2.0,2.0,2.0,3.0,3.0
5319,2.0,3.0,2.0,2.0,3.0,3.0,3.0,2.0,2.0,2.0,3.0,3.0
7571,5.0,3.0,3.0,4.0,5.0,4.0,4.0,4.0,3.0,4.0,3.0,3.0
7573,4.0,3.0,3.0,4.0,3.0,2.0,2.0,4.0,3.0,3.0,2.0,2.0
9317,0.0,0.0,0.0,0.0,0.0,0.0,0.0,0.0,0.0,0.0,0.0,0.0
8518,0.0,0.0,0.0,0.0,0.0,0.0,0.0,0.0,0.0,0.0,0.0,0.0
7578,4.0,1.0,1.0,3.0,2.0,2.0,2.0,4.0,4.0,3.0,3.0,3.0
14668,0.0,0.0,0.0,0.0,0.0,0.0,0.0,0.0,0.0,0.0,0.0,0.0
14669,0.0,0.0,0.0,0.0,0.0,0.0,0.0,0.0,0.0,0.0,0.0,0.0
8203,10.0,6.0,6.0,10.0,7.0,3.0,3.0,8.0,5.0,7.0,4.0,6.0
7570,4.0,0.0,0.0,4.0,3.0,4.0,5.0,4.0,5.0,3.0,4.0,3.0
8205,4.0,0.0,0.0,3.0,2.0,4.0,6.0,4.0,5.0,2.0,4.0,1.0
20021,1.0,1.0,2.0,1.0,1.0,1.0,1.0,1.0,2.0,2.0,2.0,2.0
558,9.0,7.0,9.0,6.0,8.0,2.0,2.0,5.0,5.0,9.0,3.0,7.0
559,3.0,0.0,0.0,3.0,2.0,3.0,3.0,3.0,3.0,2.0,3.0,2.0
556,5.0,5.0,5.0,4.0,5.0,2.0,2.0,4.0,4.0,6.0,3.0,4.0
554,6.0,4.0,4.0,4.0,5.0,3.0,3.0,5.0,4.0,5.0,3.0,4.0
550,0.0,0.0,0.0,0.0,0.0,0.0,0.0,0.0,0.0,0.0,0.0,0.0
1409,0.0,0.0,0.0,0.0,0.0,0.0,0.0,0.0,0.0,0.0,0.0,0.0
10985,0.0,1.0,1.0,0.0,1.0,1.0,1.0,0.0,0.0,0.0,1.0,1.0
10039,1.0,1.0,1.0,0.0,1.0,1.0,1.0,1.0,1.0,1.0,1.0,1.0
10984,0.0,1.0,1.0,0.0,1.0,1.0,1.0,0.0,0.0,0.0,1.0,1.0
10038,1.0,1.0,1.0,0.0,1.0,1.0,1.0,1.0,1.0,1.0,1.0,1.0
10037,1.0,1.0,1.0,0.0,1.0,1.0,1.0,1.0,1.0,1.0,1.0,1.0
13133,0.0,0.0,0.0,0.0,0.0,0.0,0.0,0.0,0.0,0.0,0.0,0.0
7566,5.0,2.0,2.0,3.0,3.0,2.0,3.0,4.0,4.0,4.0,3.0,4.0
7564,3.0,1.0,1.0,2.0,2.0,2.0,2.0,3.0,3.0,3.0,2.0,3.0
7565,3.0,1.0,1.0,2.0,2.0,2.0,3.0,3.0,3.0,2.0,2.0,2.0
10032,1.0,0.0,0.0,0.0,0.0,0.0,0.0,0.0,1.0,0.0,0.0,0.0
17237,0.0,0.0,0.0,0.0,0.0,0.0,0.0,0.0,0.0,0.0,0.0,0.0
1400,3.0,5.0,4.0,3.0,5.0,4.0,4.0,3.0,3.0,5.0,4.0,6.0
10986,0.0,1.0,1.0,0.0,1.0,1.0,1.0,0.0,0.0,0.0,1.0,1.0
26181,0.0,0.0,0.0,0.0,0.0,0.0,0.0,0.0,0.0,0.0,0.0,0.0
29534,0.0,0.0,0.0,0.0,0.0,0.0,0.0,0.0,0.0,0.0,0.0,0.0
7559,0.0,1.0,2.0,0.0,0.0,0.0,0.0,0.0,1.0,1.0,0.0,1.0
7558,1.0,0.0,0.0,0.0,1.0,1.0,1.0,1.0,1.0,1.0,0.0,0.0
564,2.0,1.0,1.0,2.0,2.0,2.0,2.0,2.0,2.0,2.0,2.0,2.0
27703,0.0,0.0,0.0,0.0,0.0,0.0,0.0,0.0,0.0,0.0,0.0,0.0
3680,1.0,1.0,1.0,1.0,1.0,1.0,1.0,0.0,0.0,0.0,1.0,1.0
3683,0.0,1.0,1.0,1.0,1.0,1.0,1.0,0.0,0.0,0.0,1.0,1.0
3681,0.0,1.0,1.0,1.0,1.0,1.0,1.0,0.0,0.0,0.0,1.0,1.0
3682,0.0,1.0,1.0,1.0,1.0,1.0,1.0,0.0,0.0,0.0,1.0,1.0
6023,4.0,7.0,6.0,5.0,6.0,4.0,3.0,5.0,7.0,7.0,5.0,9.0
3201,0.0,1.0,1.0,0.0,1.0,1.0,1.0,0.0,0.0,0.0,1.0,1.0
19866,0.0,0.0,0.0,0.0,0.0,0.0,0.0,0.0,0.0,0.0,0.0,0.0
3202,0.0,1.0,1.0,0.0,1.0,1.0,1.0,0.0,0.0,0.0,1.0,1.0
2158,1.0,0.0,0.0,1.0,1.0,1.0,1.0,1.0,1.0,1.0,1.0,1.0
22593,5.0,1.0,1.0,6.0,3.0,6.0,5.0,5.0,5.0,3.0,6.0,5.0
9359,1.0,0.0,0.0,0.0,1.0,1.0,1.0,1.0,1.0,0.0,0.0,0.0
12652,1.0,1.0,1.0,1.0,1.0,1.0,2.0,1.0,1.0,1.0,1.0,1.0
3203,0.0,1.0,1.0,0.0,1.0,1.0,1.0,0.0,0.0,0.0,1.0,1.0
21062,1.0,1.0,1.0,2.0,1.0,1.0,1.0,2.0,2.0,2.0,1.0,2.0
1892,0.0,0.0,0.0,0.0,0.0,0.0,0.0,0.0,0.0,0.0,0.0,0.0
3204,0.0,1.0,1.0,0.0,1.0,1.0,1.0,0.0,0.0,0.0,1.0,1.0
3205,0.0,1.0,1.0,0.0,1.0,1.0,1.0,0.0,0.0,0.0,1.0,1.0
21564,0.0,0.0,0.0,0.0,0.0,0.0,0.0,0.0,0.0,0.0,0.0,0.0
27717,1.0,0.0,0.0,1.0,1.0,1.0,1.0,1.0,1.0,0.0,1.0,0.0
8933,0.0,0.0,0.0,0.0,0.0,0.0,0.0,0.0,0.0,0.0,0.0,0.0
3693,1.0,0.0,0.0,1.0,1.0,1.0,1.0,1.0,1.0,0.0,1.0,0.0
3694,0.0,3.0,4.0,0.0,1.0,0.0,0.0,0.0,1.0,2.0,1.0,2.0
3695,1.0,0.0,0.0,1.0,1.0,1.0,1.0,1.0,1.0,0.0,1.0,0.0
8934,0.0,0.0,0.0,0.0,0.0,0.0,0.0,0.0,0.0,0.0,0.0,0.0
21978,0.0,2.0,1.0,0.0,1.0,2.0,1.0,0.0,0.0,0.0,1.0,1.0
16476,0.0,0.0,0.0,1.0,0.0,1.0,0.0,1.0,0.0,0.0,0.0,0.0
18421,0.0,0.0,0.0,0.0,0.0,0.0,0.0,0.0,0.0,0.0,0.0,0.0
16477,0.0,0.0,0.0,1.0,0.0,1.0,0.0,1.0,0.0,0.0,0.0,0.0
16475,1.0,1.0,1.0,1.0,0.0,0.0,0.0,1.0,1.0,1.0,1.0,0.0
16472,0.0,0.0,0.0,0.0,0.0,0.0,0.0,0.0,0.0,0.0,0.0,0.0
16473,0.0,0.0,0.0,0.0,0.0,0.0,0.0,0.0,0.0,0.0,0.0,0.0
16471,0.0,0.0,0.0,0.0,0.0,0.0,0.0,0.0,0.0,0.0,0.0,0.0
6803,6.0,2.0,1.0,7.0,4.0,7.0,6.0,7.0,5.0,3.0,7.0,4.0
6802,5.0,7.0,5.0,5.0,7.0,4.0,3.0,5.0,8.0,7.0,5.0,10.0
6805,5.0,1.0,1.0,6.0,3.0,6.0,5.0,5.0,5.0,3.0,6.0,5.0
6804,5.0,3.0,2.0,5.0,4.0,6.0,5.0,6.0,4.0,4.0,5.0,5.0
6807,5.0,3.0,2.0,5.0,4.0,6.0,5.0,6.0,4.0,4.0,5.0,5.0
6806,6.0,1.0,1.0,8.0,4.0,8.0,7.0,7.0,5.0,3.0,7.0,4.0
6809,5.0,5.0,4.0,5.0,6.0,5.0,4.0,6.0,6.0,6.0,5.0,8.0
13578,2.0,0.0,0.0,2.0,2.0,2.0,2.0,2.0,2.0,1.0,2.0,2.0
21590,1.0,0.0,0.0,0.0,1.0,1.0,2.0,1.0,0.0,0.0,0.0,0.0
13577,2.0,0.0,0.0,2.0,2.0,2.0,2.0,2.0,2.0,1.0,2.0,2.0
21981,0.0,0.0,0.0,0.0,0.0,0.0,0.0,0.0,0.0,0.0,0.0,0.0
5806,0.0,0.0,0.0,0.0,0.0,0.0,0.0,0.0,0.0,0.0,0.0,0.0
5805,0.0,0.0,0.0,0.0,0.0,0.0,0.0,0.0,0.0,0.0,0.0,0.0
22587,2.0,2.0,1.0,2.0,2.0,2.0,2.0,2.0,3.0,2.0,2.0,2.0
11134,1.0,1.0,1.0,1.0,0.0,0.0,0.0,1.0,1.0,1.0,1.0,0.0
6812,7.0,5.0,4.0,6.0,6.0,4.0,3.0,7.0,4.0,6.0,5.0,5.0
3229,0.0,2.0,1.0,0.0,1.0,2.0,1.0,0.0,0.0,0.0,1.0,1.0
6810,7.0,8.0,7.0,5.0,8.0,4.0,3.0,6.0,6.0,8.0,5.0,7.0
6815,6.0,2.0,1.0,7.0,4.0,7.0,6.0,7.0,5.0,3.0,7.0,4.0
6814,6.0,3.0,2.0,6.0,5.0,7.0,6.0,6.0,7.0,5.0,7.0,6.0
6813,8.0,6.0,5.0,5.0,7.0,5.0,5.0,7.0,6.0,7.0,5.0,7.0
9759,0.0,0.0,0.0,0.0,0.0,0.0,0.0,0.0,0.0,0.0,0.0,0.0
6818,4.0,9.0,8.0,4.0,9.0,4.0,3.0,4.0,7.0,8.0,5.0,8.0
9758,0.0,0.0,0.0,0.0,0.0,0.0,0.0,0.0,0.0,0.0,0.0,0.0
25092,0.0,1.0,1.0,0.0,1.0,1.0,1.0,0.0,0.0,0.0,1.0,1.0
6817,4.0,2.0,1.0,5.0,4.0,5.0,5.0,5.0,5.0,3.0,6.0,5.0
9371,1.0,4.0,3.0,0.0,4.0,4.0,4.0,1.0,1.0,1.0,4.0,5.0
16450,1.0,1.0,1.0,1.0,1.0,1.0,2.0,1.0,1.0,1.0,1.0,1.0
19841,1.0,0.0,0.0,0.0,0.0,1.0,0.0,0.0,0.0,0.0,0.0,0.0
21990,0.0,0.0,0.0,0.0,0.0,0.0,0.0,0.0,0.0,0.0,0.0,0.0
22579,0.0,0.0,0.0,0.0,0.0,0.0,0.0,0.0,0.0,0.0,0.0,0.0
16454,1.0,0.0,0.0,1.0,1.0,1.0,1.0,1.0,1.0,1.0,1.0,1.0
18402,0.0,0.0,0.0,0.0,0.0,0.0,0.0,0.0,0.0,0.0,0.0,0.0
21993,1.0,0.0,0.0,1.0,0.0,1.0,1.0,1.0,0.0,0.0,1.0,1.0
18401,0.0,0.0,0.0,0.0,0.0,0.0,0.0,0.0,0.0,0.0,0.0,0.0
19596,0.0,1.0,1.0,0.0,1.0,1.0,1.0,0.0,0.0,0.0,1.0,1.0
23205,0.0,0.0,0.0,0.0,0.0,0.0,0.0,0.0,0.0,0.0,0.0,0.0
19594,0.0,1.0,1.0,0.0,1.0,1.0,1.0,0.0,0.0,0.0,1.0,1.0
19595,0.0,1.0,1.0,0.0,1.0,1.0,1.0,0.0,0.0,0.0,1.0,1.0
23204,0.0,0.0,0.0,0.0,0.0,0.0,0.0,0.0,0.0,0.0,0.0,0.0
8967,1.0,3.0,2.0,1.0,2.0,3.0,2.0,1.0,1.0,1.0,2.0,2.0
8263,0.0,0.0,0.0,1.0,0.0,0.0,0.0,0.0,0.0,0.0,0.0,0.0
8260,0.0,0.0,0.0,0.0,0.0,0.0,0.0,0.0,0.0,0.0,0.0,0.0
23611,0.0,0.0,0.0,0.0,0.0,0.0,0.0,0.0,0.0,0.0,0.0,0.0
29068,0.0,0.0,0.0,0.0,0.0,0.0,0.0,0.0,0.0,0.0,0.0,0.0
28874,1.0,0.0,0.0,2.0,1.0,1.0,1.0,2.0,2.0,1.0,2.0,2.0
28871,1.0,0.0,0.0,1.0,0.0,1.0,1.0,1.0,1.0,1.0,1.0,1.0
8266,0.0,3.0,2.0,0.0,3.0,3.0,2.0,0.0,0.0,0.0,3.0,2.0
13580,2.0,0.0,0.0,2.0,2.0,2.0,2.0,2.0,2.0,1.0,2.0,2.0
506,0.0,3.0,2.0,0.0,3.0,3.0,2.0,0.0,0.0,0.0,3.0,2.0
23217,0.0,1.0,1.0,0.0,1.0,1.0,1.0,0.0,0.0,0.0,1.0,1.0
19587,0.0,1.0,1.0,0.0,1.0,1.0,1.0,0.0,0.0,0.0,1.0,1.0
19588,0.0,1.0,1.0,0.0,1.0,1.0,1.0,0.0,0.0,0.0,1.0,1.0
13583,2.0,2.0,1.0,1.0,2.0,2.0,2.0,2.0,2.0,2.0,2.0,2.0
12618,0.0,0.0,0.0,0.0,0.0,0.0,0.0,0.0,0.0,0.0,0.0,0.0
13582,3.0,0.0,0.0,2.0,2.0,3.0,4.0,2.0,2.0,1.0,2.0,1.0
28888,4.0,0.0,0.0,4.0,2.0,5.0,7.0,4.0,6.0,2.0,5.0,2.0
15301,0.0,0.0,0.0,1.0,0.0,1.0,0.0,1.0,1.0,1.0,1.0,1.0
16437,0.0,0.0,0.0,1.0,0.0,0.0,0.0,1.0,0.0,0.0,0.0,0.0
1853,0.0,0.0,0.0,0.0,0.0,0.0,0.0,0.0,0.0,0.0,0.0,0.0
15808,0.0,0.0,0.0,0.0,0.0,0.0,0.0,0.0,0.0,0.0,0.0,0.0
16432,2.0,2.0,1.0,2.0,2.0,3.0,2.0,2.0,2.0,2.0,2.0,2.0
15300,1.0,1.0,1.0,1.0,1.0,1.0,1.0,1.0,1.0,1.0,1.0,1.0
11188,1.0,0.0,0.0,1.0,0.0,0.0,1.0,1.0,1.0,1.0,1.0,1.0
13198,1.0,2.0,1.0,1.0,1.0,2.0,1.0,1.0,2.0,2.0,1.0,1.0
28884,2.0,0.0,0.0,1.0,1.0,1.0,1.0,2.0,2.0,1.0,1.0,1.0
9788,0.0,0.0,0.0,0.0,0.0,0.0,0.0,0.0,0.0,0.0,0.0,0.0
13585,2.0,2.0,1.0,1.0,2.0,2.0,2.0,2.0,2.0,2.0,2.0,2.0
6050,1.0,0.0,0.0,0.0,1.0,1.0,1.0,1.0,1.0,0.0,0.0,0.0
9787,0.0,0.0,0.0,0.0,0.0,0.0,0.0,0.0,0.0,0.0,0.0,0.0
13586,2.0,2.0,1.0,1.0,2.0,2.0,2.0,2.0,2.0,2.0,2.0,2.0
9786,0.0,0.0,0.0,0.0,0.0,0.0,0.0,0.0,0.0,0.0,0.0,0.0
23604,0.0,0.0,0.0,0.0,0.0,0.0,0.0,0.0,0.0,0.0,0.0,0.0
23603,0.0,1.0,1.0,0.0,1.0,1.0,1.0,0.0,0.0,0.0,1.0,1.0
29071,0.0,0.0,0.0,0.0,0.0,0.0,0.0,0.0,0.0,0.0,0.0,0.0
19579,0.0,0.0,0.0,0.0,0.0,0.0,0.0,0.0,0.0,0.0,0.0,0.0
3660,0.0,3.0,3.0,0.0,2.0,2.0,1.0,0.0,1.0,2.0,1.0,2.0
4703,2.0,1.0,1.0,2.0,2.0,2.0,2.0,2.0,2.0,2.0,1.0,1.0
4704,0.0,0.0,0.0,0.0,0.0,0.0,0.0,0.0,0.0,0.0,0.0,0.0
4701,0.0,1.0,1.0,1.0,1.0,1.0,1.0,1.0,0.0,0.0,1.0,1.0
11175,0.0,0.0,0.0,0.0,0.0,0.0,0.0,0.0,0.0,0.0,0.0,0.0
4702,2.0,4.0,3.0,2.0,3.0,2.0,2.0,1.0,2.0,3.0,2.0,2.0
12646,2.0,3.0,3.0,1.0,3.0,3.0,2.0,2.0,3.0,3.0,2.0,3.0
4700,3.0,1.0,2.0,2.0,2.0,2.0,2.0,2.0,2.0,2.0,2.0,2.0
12641,1.0,0.0,0.0,2.0,1.0,1.0,1.0,1.0,2.0,1.0,2.0,2.0
19811,6.0,2.0,1.0,5.0,5.0,5.0,7.0,5.0,8.0,5.0,6.0,3.0
19165,0.0,0.0,0.0,0.0,0.0,0.0,0.0,0.0,0.0,0.0,0.0,0.0
6048,0.0,0.0,0.0,0.0,0.0,0.0,0.0,0.0,0.0,0.0,0.0,0.0
8993,0.0,0.0,0.0,0.0,0.0,0.0,0.0,0.0,0.0,0.0,0.0,0.0
3658,1.0,3.0,2.0,1.0,2.0,3.0,2.0,1.0,1.0,1.0,2.0,2.0
3659,1.0,3.0,2.0,1.0,2.0,3.0,2.0,1.0,1.0,1.0,2.0,2.0
8992,1.0,0.0,0.0,1.0,0.0,1.0,0.0,1.0,1.0,1.0,0.0,0.0
8991,3.0,0.0,0.0,3.0,2.0,3.0,3.0,3.0,6.0,2.0,3.0,3.0
3656,1.0,3.0,2.0,1.0,2.0,3.0,2.0,1.0,1.0,1.0,2.0,2.0
3657,1.0,3.0,2.0,1.0,2.0,3.0,2.0,1.0,1.0,1.0,2.0,2.0
29040,0.0,0.0,0.0,0.0,0.0,0.0,0.0,0.0,0.0,0.0,0.0,0.0
4719,0.0,0.0,0.0,0.0,0.0,0.0,0.0,0.0,0.0,0.0,0.0,0.0
6855,0.0,0.0,0.0,0.0,0.0,0.0,0.0,0.0,0.0,0.0,0.0,0.0
19805,1.0,0.0,0.0,0.0,1.0,1.0,1.0,1.0,0.0,0.0,0.0,0.0
20901,0.0,0.0,0.0,0.0,0.0,0.0,0.0,0.0,0.0,0.0,0.0,0.0
19802,1.0,0.0,0.0,0.0,0.0,0.0,0.0,0.0,0.0,0.0,0.0,0.0
4711,1.0,0.0,0.0,2.0,1.0,1.0,1.0,1.0,2.0,1.0,1.0,1.0
11165,1.0,0.0,0.0,1.0,1.0,1.0,1.0,1.0,0.0,0.0,1.0,1.0
3725,0.0,0.0,0.0,0.0,0.0,0.0,0.0,0.0,0.0,0.0,0.0,0.0
25423,1.0,0.0,0.0,1.0,1.0,1.0,1.0,1.0,1.0,1.0,1.0,1.0
4219,3.0,3.0,2.0,3.0,3.0,4.0,3.0,3.0,3.0,3.0,3.0,3.0
3714,1.0,0.0,0.0,1.0,1.0,1.0,1.0,1.0,1.0,0.0,1.0,0.0
25430,0.0,0.0,0.0,0.0,0.0,0.0,0.0,0.0,0.0,0.0,0.0,0.0
21117,5.0,2.0,1.0,5.0,4.0,6.0,5.0,5.0,4.0,3.0,6.0,4.0
25431,0.0,0.0,0.0,0.0,0.0,0.0,0.0,0.0,0.0,0.0,0.0,0.0
18491,0.0,0.0,0.0,0.0,0.0,0.0,0.0,0.0,0.0,0.0,0.0,0.0
15734,1.0,0.0,0.0,2.0,1.0,1.0,1.0,2.0,2.0,1.0,1.0,1.0
18490,0.0,0.0,0.0,0.0,0.0,0.0,0.0,0.0,0.0,0.0,0.0,0.0
17693,0.0,1.0,1.0,0.0,1.0,1.0,1.0,0.0,0.0,0.0,1.0,1.0
18724,1.0,0.0,0.0,1.0,1.0,1.0,1.0,1.0,0.0,0.0,1.0,1.0
15749,1.0,2.0,1.0,1.0,1.0,2.0,1.0,1.0,2.0,2.0,1.0,1.0
18074,1.0,0.0,0.0,2.0,0.0,2.0,1.0,1.0,1.0,1.0,1.0,1.0
4633,0.0,1.0,1.0,0.0,1.0,1.0,1.0,0.0,0.0,0.0,1.0,1.0
4638,1.0,0.0,0.0,1.0,0.0,0.0,0.0,1.0,1.0,1.0,0.0,0.0
4639,1.0,0.0,0.0,1.0,0.0,0.0,0.0,1.0,1.0,1.0,0.0,0.0
21907,1.0,0.0,0.0,1.0,1.0,1.0,1.0,1.0,1.0,0.0,1.0,0.0
28445,0.0,0.0,0.0,1.0,0.0,0.0,0.0,1.0,1.0,1.0,0.0,0.0
5762,0.0,0.0,0.0,0.0,0.0,0.0,0.0,0.0,0.0,0.0,0.0,0.0
5763,0.0,0.0,0.0,0.0,0.0,0.0,0.0,0.0,0.0,0.0,0.0,0.0
5766,0.0,0.0,0.0,0.0,0.0,0.0,0.0,0.0,0.0,0.0,0.0,0.0
15759,1.0,3.0,2.0,1.0,2.0,3.0,2.0,1.0,1.0,1.0,2.0,2.0
18470,0.0,0.0,0.0,0.0,0.0,0.0,0.0,0.0,0.0,0.0,0.0,0.0
13614,0.0,0.0,0.0,0.0,0.0,0.0,0.0,0.0,0.0,0.0,0.0,0.0
13618,4.0,1.0,1.0,4.0,3.0,3.0,5.0,4.0,5.0,3.0,4.0,4.0
25004,0.0,0.0,0.0,0.0,0.0,0.0,0.0,0.0,0.0,0.0,0.0,0.0
25005,0.0,0.0,0.0,0.0,0.0,0.0,0.0,0.0,0.0,0.0,0.0,0.0
13615,0.0,0.0,0.0,0.0,0.0,0.0,0.0,0.0,0.0,0.0,0.0,0.0
13619,4.0,1.0,1.0,4.0,3.0,3.0,5.0,4.0,5.0,3.0,4.0,4.0
7058,3.0,1.0,1.0,3.0,3.0,3.0,3.0,3.0,3.0,3.0,3.0,3.0
25414,1.0,0.0,0.0,1.0,1.0,1.0,1.0,1.0,1.0,1.0,1.0,1.0
7057,3.0,3.0,3.0,3.0,3.0,2.0,2.0,3.0,3.0,4.0,3.0,3.0
7056,3.0,1.0,1.0,3.0,3.0,3.0,3.0,3.0,3.0,3.0,3.0,3.0
21144,2.0,0.0,0.0,2.0,1.0,2.0,2.0,2.0,2.0,1.0,2.0,2.0
13626,0.0,0.0,0.0,0.0,0.0,0.0,0.0,0.0,0.0,0.0,0.0,0.0
18468,0.0,0.0,0.0,0.0,0.0,0.0,0.0,0.0,0.0,0.0,0.0,0.0
13627,0.0,0.0,0.0,0.0,0.0,0.0,0.0,0.0,0.0,0.0,0.0,0.0
23172,0.0,0.0,0.0,0.0,0.0,0.0,0.0,0.0,0.0,0.0,0.0,0.0
16897,0.0,0.0,0.0,0.0,0.0,0.0,0.0,0.0,0.0,0.0,0.0,0.0
15763,1.0,3.0,2.0,1.0,2.0,3.0,2.0,1.0,1.0,1.0,2.0,2.0
15764,1.0,3.0,2.0,1.0,2.0,3.0,2.0,1.0,1.0,1.0,2.0,2.0
24738,0.0,0.0,0.0,0.0,0.0,0.0,0.0,0.0,0.0,0.0,0.0,0.0
21938,0.0,0.0,0.0,0.0,0.0,0.0,0.0,0.0,0.0,0.0,0.0,0.0
24736,0.0,0.0,0.0,0.0,0.0,0.0,0.0,0.0,0.0,0.0,0.0,0.0
13620,4.0,1.0,1.0,4.0,3.0,3.0,5.0,4.0,5.0,3.0,4.0,4.0
23173,0.0,0.0,0.0,0.0,0.0,0.0,0.0,0.0,0.0,0.0,0.0,0.0
25468,1.0,0.0,0.0,1.0,1.0,1.0,1.0,1.0,1.0,0.0,1.0,0.0
15760,1.0,3.0,2.0,1.0,2.0,3.0,2.0,1.0,1.0,1.0,2.0,2.0
11630,0.0,0.0,0.0,0.0,0.0,0.0,0.0,0.0,0.0,0.0,0.0,0.0
18469,0.0,0.0,0.0,0.0,0.0,0.0,0.0,0.0,0.0,0.0,0.0,0.0
12574,0.0,0.0,0.0,0.0,0.0,0.0,0.0,0.0,0.0,0.0,0.0,0.0
12575,0.0,0.0,0.0,0.0,0.0,0.0,0.0,0.0,0.0,0.0,0.0,0.0
18451,5.0,2.0,3.0,4.0,4.0,3.0,3.0,4.0,4.0,4.0,3.0,3.0
4652,0.0,0.0,0.0,0.0,0.0,0.0,0.0,0.0,0.0,0.0,0.0,0.0
4651,0.0,0.0,0.0,0.0,0.0,0.0,0.0,0.0,0.0,0.0,0.0,0.0
18453,3.0,1.0,1.0,3.0,2.0,3.0,4.0,3.0,4.0,3.0,3.0,3.0
18454,1.0,0.0,0.0,2.0,1.0,1.0,2.0,2.0,3.0,1.0,2.0,2.0
25069,0.0,0.0,0.0,1.0,0.0,0.0,0.0,1.0,1.0,1.0,1.0,1.0
19515,0.0,0.0,0.0,0.0,0.0,0.0,0.0,0.0,0.0,0.0,0.0,0.0
19516,0.0,0.0,0.0,0.0,0.0,0.0,0.0,0.0,0.0,0.0,0.0,0.0
10577,0.0,0.0,0.0,0.0,0.0,0.0,0.0,0.0,0.0,0.0,0.0,0.0
21151,0.0,0.0,0.0,0.0,0.0,0.0,0.0,0.0,0.0,0.0,0.0,0.0
18062,1.0,0.0,0.0,1.0,1.0,1.0,1.0,1.0,1.0,1.0,1.0,1.0
21152,0.0,0.0,1.0,0.0,0.0,0.0,0.0,0.0,0.0,0.0,0.0,0.0
18064,0.0,1.0,1.0,0.0,1.0,1.0,1.0,0.0,0.0,0.0,1.0,1.0
21150,0.0,0.0,0.0,0.0,0.0,0.0,0.0,0.0,0.0,0.0,0.0,0.0
5718,0.0,0.0,0.0,0.0,0.0,0.0,0.0,0.0,0.0,0.0,0.0,0.0
11203,1.0,0.0,0.0,1.0,1.0,1.0,1.0,2.0,1.0,1.0,1.0,1.0
11204,1.0,0.0,0.0,1.0,1.0,1.0,1.0,2.0,1.0,1.0,1.0,1.0
23152,0.0,0.0,0.0,0.0,0.0,0.0,0.0,0.0,0.0,0.0,0.0,0.0
7972,1.0,0.0,0.0,1.0,0.0,0.0,1.0,1.0,1.0,1.0,0.0,0.0
18037,0.0,1.0,1.0,0.0,1.0,1.0,1.0,0.0,0.0,0.0,1.0,1.0
7971,3.0,1.0,1.0,3.0,2.0,2.0,2.0,3.0,2.0,2.0,2.0,2.0
18036,0.0,1.0,1.0,0.0,1.0,1.0,1.0,0.0,0.0,0.0,1.0,1.0
7089,3.0,3.0,2.0,3.0,3.0,4.0,3.0,3.0,3.0,3.0,3.0,3.0
7970,1.0,0.0,0.0,1.0,0.0,0.0,1.0,1.0,1.0,1.0,0.0,0.0
11612,0.0,0.0,0.0,0.0,0.0,0.0,0.0,0.0,0.0,0.0,0.0,0.0
7088,5.0,4.0,4.0,6.0,5.0,4.0,3.0,6.0,4.0,5.0,5.0,6.0
11611,0.0,0.0,0.0,0.0,0.0,0.0,0.0,0.0,0.0,0.0,0.0,0.0
7085,7.0,4.0,3.0,6.0,6.0,6.0,6.0,7.0,7.0,5.0,7.0,6.0
11613,0.0,0.0,0.0,0.0,0.0,0.0,0.0,0.0,0.0,0.0,0.0,0.0
7083,3.0,3.0,2.0,3.0,3.0,4.0,3.0,3.0,3.0,3.0,3.0,3.0
10568,1.0,0.0,0.0,1.0,1.0,1.0,1.0,1.0,1.0,1.0,0.0,0.0
7080,1.0,0.0,0.0,1.0,0.0,1.0,0.0,1.0,1.0,1.0,0.0,0.0
21940,0.0,0.0,0.0,0.0,0.0,0.0,0.0,0.0,0.0,0.0,0.0,0.0
19892,2.0,0.0,0.0,1.0,1.0,1.0,1.0,1.0,1.0,1.0,0.0,0.0
5723,0.0,2.0,1.0,0.0,1.0,2.0,1.0,0.0,0.0,0.0,1.0,1.0
15796,0.0,2.0,1.0,0.0,1.0,2.0,1.0,0.0,0.0,0.0,1.0,1.0
26586,0.0,0.0,0.0,0.0,0.0,0.0,0.0,0.0,0.0,0.0,0.0,0.0
4282,0.0,4.0,3.0,0.0,4.0,4.0,3.0,0.0,0.0,0.0,4.0,4.0
15793,0.0,2.0,1.0,0.0,1.0,2.0,1.0,0.0,0.0,0.0,1.0,1.0
23148,0.0,1.0,1.0,0.0,0.0,0.0,0.0,0.0,0.0,0.0,0.0,0.0
4283,0.0,4.0,3.0,0.0,4.0,4.0,3.0,0.0,0.0,0.0,4.0,4.0
15792,0.0,2.0,1.0,0.0,1.0,2.0,1.0,0.0,0.0,0.0,1.0,1.0
4284,0.0,4.0,3.0,0.0,4.0,4.0,3.0,0.0,0.0,0.0,4.0,4.0
25456,0.0,0.0,0.0,0.0,0.0,0.0,0.0,0.0,0.0,0.0,0.0,0.0
15795,0.0,2.0,1.0,0.0,1.0,2.0,1.0,0.0,0.0,0.0,1.0,1.0
4285,0.0,4.0,3.0,0.0,4.0,4.0,3.0,0.0,0.0,0.0,4.0,4.0
15794,0.0,2.0,1.0,0.0,1.0,2.0,1.0,0.0,0.0,0.0,1.0,1.0
4286,0.0,4.0,3.0,0.0,4.0,4.0,3.0,0.0,0.0,0.0,4.0,4.0
4287,0.0,4.0,3.0,0.0,4.0,4.0,3.0,0.0,0.0,0.0,4.0,4.0
21939,0.0,0.0,0.0,0.0,0.0,0.0,0.0,0.0,0.0,0.0,0.0,0.0
4288,0.0,4.0,3.0,0.0,4.0,4.0,3.0,0.0,0.0,0.0,4.0,4.0
4289,0.0,4.0,3.0,0.0,4.0,4.0,3.0,0.0,0.0,0.0,4.0,4.0
7094,3.0,0.0,0.0,3.0,2.0,4.0,3.0,3.0,4.0,2.0,4.0,3.0
7090,3.0,3.0,2.0,3.0,3.0,4.0,3.0,3.0,3.0,3.0,3.0,3.0
7091,3.0,3.0,2.0,3.0,3.0,4.0,3.0,3.0,3.0,3.0,3.0,3.0
7092,4.0,1.0,1.0,4.0,3.0,5.0,5.0,5.0,4.0,3.0,5.0,4.0
13669,0.0,0.0,0.0,0.0,0.0,0.0,0.0,0.0,0.0,0.0,0.0,0.0
26161,0.0,0.0,0.0,0.0,0.0,0.0,0.0,0.0,0.0,0.0,0.0,0.0
22970,3.0,0.0,0.0,2.0,2.0,3.0,3.0,3.0,3.0,1.0,2.0,1.0
29594,3.0,2.0,2.0,3.0,2.0,2.0,2.0,3.0,3.0,2.0,2.0,2.0
17213,0.0,0.0,0.0,1.0,0.0,0.0,0.0,0.0,1.0,0.0,0.0,0.0
29598,0.0,0.0,0.0,0.0,0.0,0.0,0.0,0.0,0.0,0.0,0.0,0.0
17212,0.0,0.0,0.0,1.0,0.0,0.0,0.0,0.0,1.0,0.0,0.0,0.0
16854,0.0,1.0,1.0,0.0,0.0,0.0,0.0,0.0,1.0,1.0,0.0,1.0
26550,0.0,1.0,1.0,1.0,1.0,1.0,1.0,0.0,0.0,0.0,1.0,1.0
1389,1.0,1.0,1.0,0.0,1.0,1.0,1.0,1.0,1.0,1.0,1.0,1.0
16859,2.0,2.0,2.0,1.0,2.0,2.0,2.0,2.0,2.0,2.0,2.0,3.0
25828,0.0,0.0,0.0,0.0,0.0,0.0,0.0,0.0,0.0,0.0,0.0,0.0
8545,1.0,0.0,0.0,1.0,1.0,1.0,1.0,1.0,2.0,1.0,1.0,1.0
8543,2.0,3.0,4.0,2.0,2.0,1.0,1.0,2.0,2.0,3.0,1.0,2.0
26566,0.0,0.0,0.0,0.0,0.0,0.0,0.0,0.0,0.0,0.0,0.0,0.0
26567,0.0,0.0,0.0,0.0,0.0,0.0,0.0,0.0,0.0,0.0,0.0,0.0
17204,0.0,0.0,0.0,0.0,0.0,0.0,0.0,0.0,0.0,0.0,0.0,0.0
24707,1.0,0.0,0.0,0.0,0.0,1.0,0.0,0.0,0.0,0.0,0.0,0.0
24703,2.0,0.0,0.0,1.0,1.0,1.0,1.0,2.0,2.0,1.0,1.0,1.0
24702,2.0,0.0,0.0,1.0,1.0,1.0,1.0,2.0,2.0,1.0,1.0,1.0
13671,0.0,0.0,0.0,0.0,0.0,0.0,0.0,0.0,0.0,0.0,0.0,0.0
10146,3.0,1.0,1.0,2.0,2.0,2.0,3.0,3.0,2.0,2.0,2.0,2.0
4693,0.0,1.0,1.0,0.0,1.0,1.0,1.0,0.0,0.0,0.0,1.0,1.0
13670,0.0,0.0,0.0,0.0,0.0,0.0,0.0,0.0,0.0,0.0,0.0,0.0
10147,2.0,3.0,3.0,2.0,3.0,1.0,2.0,2.0,3.0,4.0,2.0,3.0
4691,0.0,1.0,1.0,0.0,1.0,1.0,1.0,0.0,0.0,0.0,1.0,1.0
10145,3.0,1.0,1.0,2.0,2.0,2.0,3.0,3.0,2.0,2.0,2.0,2.0
14726,3.0,4.0,3.0,3.0,4.0,4.0,4.0,3.0,3.0,3.0,4.0,4.0
10520,0.0,0.0,0.0,0.0,0.0,0.0,0.0,0.0,0.0,0.0,0.0,0.0
16065,0.0,0.0,0.0,0.0,0.0,0.0,0.0,0.0,0.0,0.0,0.0,0.0
16064,0.0,0.0,0.0,0.0,0.0,0.0,0.0,0.0,0.0,0.0,0.0,0.0
16063,0.0,0.0,0.0,0.0,0.0,0.0,0.0,0.0,0.0,0.0,0.0,0.0
7925,0.0,0.0,0.0,1.0,0.0,0.0,0.0,1.0,1.0,1.0,0.0,0.0
14731,0.0,0.0,0.0,1.0,0.0,0.0,0.0,1.0,1.0,1.0,1.0,1.0
16878,5.0,0.0,0.0,5.0,3.0,5.0,6.0,5.0,8.0,3.0,5.0,3.0
7927,1.0,0.0,0.0,1.0,0.0,0.0,0.0,1.0,1.0,0.0,0.0,0.0
16879,2.0,1.0,1.0,3.0,2.0,2.0,2.0,3.0,5.0,3.0,3.0,4.0
26530,0.0,0.0,0.0,0.0,0.0,0.0,0.0,0.0,0.0,0.0,0.0,0.0
7520,2.0,1.0,2.0,1.0,2.0,1.0,1.0,1.0,2.0,2.0,1.0,1.0
7929,1.0,0.0,1.0,2.0,1.0,0.0,1.0,2.0,2.0,2.0,1.0,1.0
8547,1.0,1.0,1.0,1.0,1.0,1.0,2.0,1.0,1.0,1.0,1.0,1.0
8548,4.0,1.0,1.0,4.0,3.0,4.0,4.0,4.0,3.0,3.0,4.0,3.0
7928,1.0,0.0,0.0,1.0,0.0,0.0,0.0,1.0,1.0,0.0,0.0,0.0
8549,2.0,0.0,0.0,1.0,1.0,1.0,1.0,1.0,1.0,1.0,1.0,1.0
594,0.0,0.0,0.0,0.0,0.0,0.0,0.0,0.0,0.0,0.0,0.0,0.0
10519,0.0,0.0,0.0,0.0,0.0,0.0,0.0,0.0,0.0,0.0,0.0,0.0
10518,0.0,0.0,0.0,0.0,0.0,0.0,0.0,0.0,0.0,0.0,0.0,0.0
7534,0.0,0.0,0.0,0.0,0.0,0.0,0.0,0.0,0.0,0.0,0.0,0.0
7022,0.0,0.0,0.0,0.0,0.0,0.0,0.0,0.0,0.0,0.0,0.0,0.0
22045,1.0,0.0,0.0,1.0,1.0,1.0,1.0,1.0,1.0,1.0,1.0,1.0
10500,1.0,1.0,1.0,0.0,1.0,1.0,1.0,1.0,1.0,1.0,1.0,1.0
10501,0.0,1.0,2.0,0.0,1.0,1.0,1.0,0.0,1.0,1.0,1.0,1.0
22930,0.0,0.0,0.0,0.0,0.0,0.0,0.0,0.0,0.0,0.0,0.0,0.0
10504,0.0,0.0,0.0,0.0,0.0,0.0,0.0,0.0,0.0,0.0,0.0,0.0
10505,0.0,0.0,0.0,0.0,0.0,0.0,0.0,0.0,0.0,0.0,0.0,0.0
22929,0.0,0.0,0.0,0.0,0.0,0.0,0.0,0.0,0.0,0.0,0.0,0.0
7018,0.0,0.0,0.0,0.0,0.0,0.0,0.0,0.0,0.0,0.0,0.0,0.0
1344,3.0,0.0,0.0,2.0,2.0,3.0,4.0,2.0,2.0,1.0,2.0,2.0
22040,1.0,0.0,0.0,1.0,1.0,1.0,1.0,1.0,1.0,1.0,1.0,1.0
18707,0.0,1.0,1.0,0.0,1.0,1.0,1.0,0.0,0.0,0.0,1.0,1.0
7904,0.0,0.0,0.0,0.0,0.0,0.0,0.0,0.0,0.0,0.0,0.0,0.0
22041,1.0,1.0,1.0,0.0,1.0,1.0,2.0,1.0,1.0,1.0,1.0,1.0
7905,0.0,0.0,0.0,0.0,0.0,0.0,0.0,0.0,0.0,0.0,0.0,0.0
27367,0.0,0.0,0.0,0.0,0.0,0.0,0.0,0.0,0.0,0.0,0.0,0.0
7039,2.0,3.0,3.0,3.0,3.0,2.0,2.0,3.0,3.0,4.0,3.0,3.0
27369,0.0,0.0,0.0,0.0,0.0,0.0,0.0,0.0,0.0,0.0,0.0,0.0
27352,0.0,0.0,0.0,0.0,0.0,0.0,0.0,0.0,0.0,0.0,0.0,0.0
6442,1.0,0.0,0.0,1.0,0.0,0.0,1.0,0.0,1.0,1.0,0.0,0.0
11694,0.0,0.0,0.0,0.0,0.0,0.0,0.0,0.0,0.0,0.0,0.0,0.0
11693,0.0,0.0,0.0,0.0,0.0,0.0,0.0,0.0,0.0,0.0,0.0,0.0
1371,1.0,0.0,0.0,0.0,0.0,0.0,0.0,1.0,1.0,1.0,0.0,0.0
5383,0.0,0.0,1.0,1.0,0.0,0.0,0.0,1.0,1.0,1.0,0.0,0.0
16837,1.0,0.0,0.0,1.0,0.0,1.0,1.0,1.0,0.0,0.0,0.0,0.0
22020,0.0,1.0,1.0,0.0,1.0,1.0,1.0,0.0,0.0,0.0,1.0,1.0
22021,0.0,0.0,1.0,0.0,0.0,0.0,0.0,0.0,0.0,0.0,0.0,0.0
6439,0.0,0.0,0.0,0.0,0.0,0.0,0.0,0.0,0.0,0.0,0.0,0.0
6438,0.0,3.0,2.0,0.0,3.0,3.0,2.0,0.0,0.0,0.0,3.0,2.0
11691,0.0,0.0,0.0,0.0,0.0,0.0,0.0,0.0,0.0,0.0,0.0,0.0
6437,0.0,0.0,0.0,0.0,0.0,0.0,0.0,0.0,0.0,0.0,0.0,0.0
6436,0.0,0.0,0.0,0.0,0.0,0.0,0.0,0.0,0.0,0.0,0.0,0.0
7017,0.0,0.0,0.0,0.0,0.0,0.0,0.0,0.0,0.0,0.0,0.0,0.0
22019,0.0,1.0,1.0,0.0,1.0,1.0,1.0,0.0,0.0,0.0,1.0,1.0
22010,0.0,0.0,0.0,0.0,0.0,0.0,0.0,0.0,0.0,0.0,0.0,0.0
24079,0.0,0.0,0.0,0.0,0.0,0.0,0.0,0.0,0.0,0.0,0.0,0.0
20573,2.0,0.0,0.0,1.0,1.0,1.0,1.0,2.0,2.0,1.0,1.0,1.0
10891,4.0,2.0,1.0,5.0,4.0,5.0,5.0,5.0,5.0,3.0,6.0,5.0
14173,0.0,2.0,1.0,0.0,1.0,2.0,1.0,0.0,0.0,0.0,1.0,1.0
14174,0.0,2.0,1.0,0.0,1.0,2.0,1.0,0.0,0.0,0.0,1.0,1.0
23517,0.0,0.0,0.0,0.0,0.0,0.0,0.0,0.0,0.0,0.0,0.0,0.0
6353,0.0,1.0,1.0,0.0,1.0,1.0,1.0,0.0,0.0,0.0,1.0,1.0
150,0.0,1.0,2.0,0.0,0.0,0.0,0.0,0.0,1.0,1.0,0.0,1.0
27265,0.0,0.0,0.0,0.0,0.0,0.0,0.0,0.0,0.0,0.0,0.0,0.0
27264,0.0,0.0,0.0,0.0,0.0,0.0,0.0,0.0,0.0,0.0,0.0,0.0
2859,0.0,0.0,0.0,0.0,0.0,0.0,0.0,0.0,0.0,0.0,0.0,0.0
6354,0.0,1.0,1.0,0.0,1.0,1.0,1.0,0.0,0.0,0.0,1.0,1.0
14580,0.0,0.0,0.0,0.0,0.0,0.0,0.0,0.0,0.0,0.0,0.0,0.0
24078,0.0,0.0,0.0,0.0,0.0,0.0,0.0,0.0,0.0,0.0,0.0,0.0
2200,0.0,0.0,0.0,0.0,0.0,0.0,0.0,0.0,0.0,0.0,0.0,0.0
5222,1.0,1.0,1.0,0.0,0.0,0.0,0.0,0.0,1.0,1.0,0.0,0.0
5221,0.0,1.0,1.0,1.0,0.0,0.0,0.0,0.0,1.0,1.0,0.0,0.0
5223,0.0,0.0,0.0,1.0,0.0,0.0,0.0,0.0,1.0,0.0,0.0,0.0
5220,0.0,0.0,0.0,0.0,0.0,0.0,0.0,0.0,0.0,0.0,0.0,0.0
14579,0.0,0.0,0.0,0.0,0.0,0.0,0.0,0.0,0.0,0.0,0.0,0.0
20172,0.0,0.0,0.0,0.0,0.0,0.0,0.0,0.0,0.0,0.0,0.0,0.0
20177,0.0,0.0,0.0,0.0,0.0,0.0,0.0,0.0,0.0,0.0,0.0,0.0
19488,1.0,0.0,0.0,0.0,1.0,1.0,1.0,1.0,1.0,0.0,0.0,0.0
2216,1.0,2.0,1.0,0.0,1.0,2.0,1.0,1.0,1.0,1.0,1.0,1.0
12710,3.0,0.0,0.0,3.0,1.0,3.0,3.0,3.0,3.0,1.0,3.0,1.0
2215,0.0,2.0,2.0,0.0,1.0,2.0,1.0,0.0,1.0,1.0,1.0,1.0
5219,1.0,0.0,0.0,1.0,0.0,0.0,0.0,0.0,1.0,0.0,0.0,0.0
2218,1.0,2.0,1.0,0.0,1.0,2.0,1.0,1.0,1.0,1.0,1.0,1.0
2217,1.0,2.0,1.0,0.0,1.0,2.0,1.0,1.0,1.0,1.0,1.0,1.0
15208,0.0,1.0,2.0,0.0,0.0,0.0,0.0,0.0,1.0,1.0,0.0,1.0
15209,1.0,0.0,0.0,1.0,0.0,1.0,0.0,1.0,1.0,1.0,0.0,0.0
2214,1.0,2.0,1.0,0.0,1.0,2.0,1.0,1.0,1.0,1.0,1.0,1.0
5216,1.0,0.0,0.0,1.0,0.0,1.0,0.0,1.0,1.0,1.0,0.0,0.0
15206,1.0,0.0,0.0,0.0,0.0,0.0,1.0,1.0,1.0,0.0,0.0,0.0
15207,1.0,0.0,0.0,0.0,0.0,0.0,1.0,1.0,1.0,0.0,0.0,0.0
5253,2.0,2.0,2.0,2.0,2.0,3.0,2.0,2.0,3.0,2.0,2.0,3.0
5252,2.0,0.0,0.0,2.0,1.0,1.0,1.0,2.0,2.0,1.0,1.0,1.0
5250,3.0,2.0,1.0,3.0,3.0,4.0,4.0,3.0,3.0,3.0,4.0,3.0
14152,3.0,2.0,1.0,3.0,3.0,4.0,3.0,3.0,3.0,3.0,3.0,3.0
14153,4.0,4.0,3.0,3.0,4.0,4.0,3.0,3.0,3.0,4.0,3.0,3.0
14154,3.0,4.0,3.0,3.0,4.0,2.0,2.0,3.0,3.0,4.0,3.0,4.0
14155,3.0,2.0,1.0,3.0,3.0,4.0,3.0,3.0,3.0,3.0,3.0,3.0
29141,1.0,0.0,0.0,2.0,1.0,1.0,2.0,2.0,3.0,1.0,2.0,2.0
19918,2.0,2.0,1.0,2.0,2.0,2.0,2.0,2.0,3.0,2.0,2.0,2.0
1705,0.0,2.0,3.0,1.0,0.0,0.0,0.0,0.0,1.0,2.0,1.0,1.0
19919,2.0,2.0,1.0,2.0,2.0,2.0,2.0,2.0,3.0,2.0,2.0,2.0
20163,2.0,0.0,0.0,2.0,1.0,2.0,2.0,2.0,1.0,1.0,1.0,1.0
20164,1.0,0.0,0.0,1.0,1.0,2.0,2.0,2.0,1.0,1.0,1.0,1.0
5247,0.0,0.0,0.0,0.0,0.0,0.0,0.0,0.0,0.0,0.0,0.0,0.0
14159,0.0,0.0,0.0,0.0,0.0,0.0,0.0,0.0,0.0,0.0,0.0,0.0
21615,1.0,0.0,0.0,0.0,1.0,1.0,2.0,1.0,0.0,0.0,0.0,0.0
28717,0.0,0.0,0.0,0.0,0.0,0.0,0.0,0.0,0.0,0.0,0.0,0.0
19917,2.0,2.0,1.0,2.0,2.0,2.0,2.0,2.0,3.0,2.0,2.0,2.0
15223,2.0,2.0,1.0,2.0,2.0,3.0,3.0,2.0,2.0,2.0,3.0,3.0
5240,4.0,2.0,1.0,3.0,3.0,3.0,4.0,4.0,4.0,3.0,3.0,3.0
14162,0.0,0.0,0.0,0.0,0.0,0.0,0.0,0.0,0.0,0.0,0.0,0.0
14160,0.0,0.0,0.0,0.0,0.0,0.0,0.0,0.0,0.0,0.0,0.0,0.0
14161,0.0,0.0,0.0,0.0,0.0,0.0,0.0,0.0,0.0,0.0,0.0,0.0
815,0.0,0.0,0.0,0.0,0.0,0.0,0.0,0.0,0.0,0.0,0.0,0.0
5243,1.0,0.0,0.0,1.0,0.0,1.0,0.0,0.0,1.0,0.0,0.0,0.0
5246,0.0,0.0,0.0,0.0,0.0,0.0,0.0,0.0,0.0,0.0,0.0,0.0
189,2.0,0.0,0.0,2.0,1.0,2.0,2.0,2.0,2.0,1.0,1.0,1.0
6384,0.0,0.0,0.0,0.0,0.0,0.0,0.0,0.0,0.0,0.0,0.0,0.0
5236,4.0,2.0,1.0,3.0,3.0,3.0,4.0,4.0,4.0,3.0,3.0,3.0
19901,1.0,2.0,2.0,1.0,2.0,2.0,1.0,1.0,1.0,2.0,1.0,2.0
5238,4.0,3.0,3.0,4.0,3.0,2.0,3.0,4.0,4.0,4.0,3.0,4.0
22009,0.0,0.0,0.0,0.0,0.0,0.0,0.0,0.0,0.0,0.0,0.0,0.0
15253,0.0,0.0,0.0,0.0,0.0,0.0,0.0,0.0,0.0,0.0,0.0,0.0
25696,1.0,0.0,0.0,1.0,0.0,1.0,1.0,1.0,1.0,0.0,0.0,0.0
13008,1.0,0.0,0.0,1.0,1.0,1.0,1.0,1.0,1.0,1.0,0.0,0.0
2249,0.0,0.0,0.0,0.0,0.0,0.0,0.0,0.0,0.0,0.0,0.0,0.0
21672,2.0,0.0,0.0,2.0,2.0,2.0,2.0,2.0,2.0,1.0,2.0,2.0
6396,0.0,0.0,0.0,0.0,0.0,0.0,0.0,0.0,0.0,0.0,0.0,0.0
29819,0.0,0.0,0.0,0.0,0.0,0.0,0.0,0.0,0.0,0.0,0.0,0.0
9208,3.0,3.0,4.0,3.0,2.0,1.0,1.0,3.0,2.0,4.0,2.0,3.0
13880,0.0,0.0,0.0,0.0,0.0,0.0,0.0,0.0,0.0,0.0,0.0,0.0
15241,0.0,0.0,0.0,0.0,0.0,0.0,0.0,0.0,0.0,0.0,0.0,0.0
13881,0.0,0.0,0.0,0.0,0.0,0.0,0.0,0.0,0.0,0.0,0.0,0.0
10860,0.0,0.0,0.0,0.0,0.0,0.0,0.0,0.0,0.0,0.0,0.0,0.0
15242,0.0,0.0,0.0,0.0,0.0,0.0,0.0,0.0,0.0,0.0,0.0,0.0
2259,0.0,0.0,0.0,0.0,0.0,0.0,0.0,0.0,0.0,0.0,0.0,0.0
9210,2.0,0.0,0.0,1.0,1.0,2.0,2.0,1.0,2.0,1.0,1.0,1.0
9211,2.0,0.0,0.0,1.0,1.0,1.0,1.0,1.0,2.0,1.0,1.0,1.0
9212,2.0,1.0,1.0,1.0,1.0,1.0,1.0,1.0,2.0,2.0,1.0,1.0
9214,1.0,1.0,1.0,1.0,1.0,1.0,2.0,1.0,1.0,1.0,1.0,2.0
9215,2.0,0.0,0.0,1.0,1.0,1.0,1.0,1.0,2.0,1.0,1.0,1.0
8631,2.0,0.0,0.0,1.0,1.0,2.0,2.0,1.0,1.0,1.0,1.0,1.0
448,0.0,0.0,0.0,0.0,0.0,0.0,0.0,0.0,0.0,0.0,0.0,0.0
449,0.0,0.0,0.0,0.0,0.0,0.0,0.0,0.0,0.0,0.0,0.0,0.0
20136,0.0,0.0,0.0,0.0,0.0,0.0,0.0,0.0,0.0,0.0,0.0,0.0
29410,2.0,0.0,0.0,1.0,1.0,1.0,1.0,1.0,1.0,1.0,0.0,0.0
29429,1.0,0.0,0.0,0.0,1.0,0.0,1.0,1.0,1.0,0.0,0.0,0.0
10835,1.0,0.0,0.0,0.0,0.0,1.0,1.0,1.0,0.0,0.0,0.0,0.0
865,1.0,0.0,0.0,1.0,0.0,0.0,0.0,1.0,1.0,1.0,1.0,0.0
864,0.0,0.0,0.0,0.0,0.0,0.0,0.0,0.0,0.0,0.0,0.0,0.0
10836,0.0,1.0,1.0,0.0,0.0,0.0,0.0,0.0,1.0,1.0,0.0,1.0
10839,1.0,2.0,1.0,1.0,2.0,2.0,2.0,1.0,1.0,1.0,2.0,2.0
10838,1.0,2.0,1.0,1.0,2.0,2.0,2.0,1.0,1.0,1.0,2.0,2.0
2232,6.0,1.0,1.0,6.0,4.0,8.0,8.0,7.0,4.0,3.0,7.0,4.0
450,0.0,0.0,0.0,0.0,0.0,0.0,0.0,0.0,0.0,0.0,0.0,0.0
24058,1.0,2.0,1.0,0.0,2.0,2.0,1.0,1.0,1.0,1.0,1.0,1.0
8613,1.0,3.0,4.0,0.0,2.0,1.0,1.0,1.0,1.0,2.0,1.0,2.0
5207,2.0,0.0,0.0,2.0,1.0,2.0,2.0,2.0,1.0,1.0,1.0,1.0
7460,1.0,0.0,0.0,0.0,0.0,0.0,0.0,1.0,0.0,0.0,0.0,0.0
149,1.0,0.0,0.0,0.0,0.0,1.0,1.0,1.0,0.0,0.0,0.0,0.0
856,1.0,0.0,0.0,1.0,0.0,0.0,0.0,1.0,1.0,1.0,0.0,0.0
8609,0.0,0.0,0.0,0.0,0.0,0.0,0.0,0.0,0.0,0.0,0.0,0.0
8608,0.0,0.0,0.0,0.0,0.0,0.0,0.0,0.0,0.0,0.0,0.0,0.0
8607,0.0,0.0,0.0,0.0,0.0,0.0,0.0,0.0,0.0,0.0,0.0,0.0
14517,0.0,0.0,0.0,0.0,0.0,0.0,0.0,0.0,0.0,0.0,0.0,0.0
8606,0.0,0.0,1.0,0.0,0.0,0.0,0.0,0.0,0.0,0.0,0.0,0.0
10842,0.0,4.0,4.0,1.0,2.0,1.0,1.0,0.0,1.0,2.0,1.0,2.0
2240,0.0,0.0,0.0,0.0,0.0,0.0,0.0,0.0,0.0,0.0,0.0,0.0
10841,1.0,2.0,1.0,1.0,2.0,2.0,2.0,1.0,1.0,1.0,2.0,2.0
7461,0.0,0.0,1.0,0.0,0.0,0.0,0.0,0.0,1.0,1.0,0.0,0.0
10840,1.0,2.0,1.0,1.0,2.0,2.0,2.0,1.0,1.0,1.0,2.0,2.0
8611,2.0,1.0,1.0,1.0,2.0,2.0,2.0,1.0,1.0,1.0,2.0,1.0
13862,0.0,1.0,1.0,0.0,1.0,1.0,1.0,0.0,0.0,0.0,1.0,1.0
8612,2.0,1.0,1.0,1.0,2.0,2.0,2.0,1.0,1.0,1.0,2.0,1.0
8610,0.0,0.0,0.0,0.0,0.0,0.0,0.0,0.0,0.0,0.0,0.0,0.0
2866,0.0,0.0,0.0,0.0,0.0,0.0,0.0,0.0,0.0,0.0,0.0,0.0
2867,0.0,0.0,0.0,0.0,0.0,0.0,0.0,0.0,0.0,0.0,0.0,0.0
2865,0.0,0.0,0.0,0.0,0.0,0.0,0.0,0.0,0.0,0.0,0.0,0.0
2868,0.0,0.0,0.0,0.0,0.0,0.0,0.0,0.0,0.0,0.0,0.0,0.0
20106,2.0,3.0,3.0,1.0,3.0,3.0,2.0,2.0,3.0,3.0,2.0,3.0
2289,0.0,1.0,1.0,0.0,0.0,0.0,0.0,0.0,1.0,1.0,0.0,0.0
13046,1.0,1.0,1.0,2.0,1.0,1.0,0.0,2.0,2.0,2.0,1.0,1.0
2288,1.0,0.0,0.0,1.0,0.0,1.0,0.0,0.0,0.0,0.0,1.0,1.0
22461,0.0,0.0,0.0,0.0,0.0,0.0,0.0,0.0,0.0,0.0,0.0,0.0
19974,0.0,0.0,0.0,0.0,0.0,0.0,0.0,0.0,0.0,0.0,0.0,0.0
13045,1.0,0.0,0.0,2.0,1.0,1.0,1.0,2.0,2.0,1.0,1.0,1.0
19973,0.0,1.0,1.0,0.0,0.0,0.0,0.0,0.0,1.0,1.0,0.0,0.0
19972,1.0,0.0,0.0,0.0,0.0,1.0,0.0,1.0,0.0,0.0,0.0,0.0
2291,0.0,0.0,0.0,0.0,0.0,0.0,0.0,0.0,0.0,0.0,0.0,0.0
29853,1.0,3.0,2.0,1.0,2.0,3.0,2.0,1.0,1.0,1.0,2.0,2.0
13456,0.0,1.0,2.0,1.0,1.0,1.0,1.0,0.0,1.0,1.0,1.0,1.0
13441,2.0,2.0,2.0,1.0,2.0,2.0,2.0,2.0,2.0,2.0,2.0,2.0
9251,0.0,0.0,0.0,0.0,0.0,0.0,0.0,0.0,0.0,0.0,0.0,0.0
29846,0.0,0.0,0.0,1.0,0.0,0.0,0.0,1.0,0.0,0.0,0.0,0.0
1798,1.0,0.0,0.0,1.0,1.0,1.0,1.0,1.0,1.0,1.0,1.0,1.0
1795,1.0,0.0,0.0,1.0,1.0,1.0,1.0,1.0,1.0,0.0,0.0,0.0
9259,0.0,0.0,0.0,0.0,0.0,0.0,0.0,0.0,0.0,0.0,0.0,0.0
1794,1.0,0.0,0.0,1.0,1.0,1.0,1.0,1.0,1.0,0.0,0.0,0.0
9258,0.0,0.0,0.0,0.0,0.0,0.0,0.0,0.0,0.0,0.0,0.0,0.0
13056,1.0,0.0,0.0,1.0,1.0,1.0,1.0,1.0,1.0,1.0,1.0,1.0
19016,1.0,1.0,1.0,1.0,1.0,1.0,2.0,1.0,1.0,1.0,1.0,1.0
8193,0.0,0.0,0.0,0.0,0.0,0.0,0.0,0.0,0.0,0.0,0.0,0.0
8195,0.0,0.0,0.0,0.0,0.0,0.0,0.0,0.0,0.0,0.0,0.0,0.0
8194,0.0,0.0,0.0,0.0,0.0,0.0,0.0,0.0,0.0,0.0,0.0,0.0
22456,2.0,0.0,0.0,1.0,1.0,1.0,1.0,2.0,2.0,1.0,1.0,1.0
875,0.0,0.0,0.0,0.0,0.0,0.0,0.0,0.0,0.0,0.0,0.0,0.0
22459,0.0,0.0,0.0,0.0,0.0,0.0,0.0,0.0,0.0,0.0,0.0,0.0
11008,0.0,0.0,0.0,0.0,0.0,0.0,0.0,0.0,0.0,0.0,0.0,0.0
4181,4.0,6.0,7.0,4.0,4.0,1.0,1.0,4.0,4.0,7.0,2.0,4.0
3315,3.0,0.0,0.0,3.0,2.0,2.0,3.0,3.0,4.0,2.0,3.0,3.0
11034,1.0,0.0,0.0,1.0,0.0,0.0,0.0,1.0,0.0,0.0,0.0,0.0
19992,0.0,0.0,0.0,0.0,0.0,0.0,0.0,0.0,0.0,0.0,0.0,0.0
13439,2.0,0.0,0.0,2.0,1.0,2.0,2.0,2.0,2.0,1.0,1.0,1.0
19991,0.0,0.0,0.0,0.0,0.0,0.0,0.0,0.0,0.0,0.0,0.0,0.0
8184,0.0,0.0,0.0,0.0,0.0,0.0,0.0,0.0,0.0,0.0,0.0,0.0
19990,0.0,0.0,0.0,0.0,0.0,0.0,0.0,0.0,0.0,0.0,0.0,0.0
8183,0.0,0.0,0.0,0.0,0.0,0.0,0.0,0.0,0.0,0.0,0.0,0.0
11035,0.0,0.0,0.0,1.0,0.0,0.0,0.0,0.0,1.0,0.0,0.0,0.0
8182,2.0,2.0,2.0,3.0,2.0,1.0,2.0,2.0,2.0,2.0,2.0,2.0
29870,3.0,0.0,0.0,3.0,2.0,2.0,3.0,3.0,3.0,2.0,3.0,2.0
19028,2.0,1.0,2.0,2.0,2.0,1.0,1.0,2.0,2.0,2.0,2.0,2.0
19026,2.0,0.0,0.0,3.0,1.0,2.0,2.0,2.0,2.0,1.0,2.0,2.0
11922,1.0,0.0,0.0,0.0,0.0,0.0,0.0,1.0,1.0,1.0,0.0,0.0
11923,1.0,0.0,0.0,0.0,0.0,0.0,0.0,1.0,1.0,1.0,0.0,0.0
19020,1.0,1.0,1.0,0.0,1.0,1.0,1.0,1.0,1.0,1.0,1.0,1.0
13436,2.0,0.0,0.0,2.0,1.0,1.0,2.0,2.0,2.0,1.0,1.0,2.0
13438,2.0,0.0,0.0,2.0,1.0,2.0,2.0,2.0,2.0,1.0,1.0,1.0
2277,0.0,0.0,1.0,0.0,0.0,0.0,0.0,0.0,1.0,1.0,0.0,0.0
18304,1.0,0.0,0.0,0.0,1.0,1.0,1.0,1.0,1.0,0.0,0.0,0.0
18305,1.0,0.0,0.0,0.0,1.0,1.0,1.0,1.0,1.0,0.0,0.0,0.0
1775,0.0,0.0,0.0,0.0,0.0,0.0,0.0,0.0,0.0,0.0,0.0,0.0
2282,1.0,0.0,0.0,0.0,0.0,0.0,0.0,0.0,1.0,0.0,0.0,0.0
18301,0.0,0.0,0.0,0.0,0.0,0.0,0.0,0.0,0.0,0.0,0.0,0.0
22477,2.0,0.0,0.0,1.0,1.0,2.0,3.0,2.0,2.0,1.0,1.0,1.0
18302,0.0,0.0,0.0,0.0,0.0,0.0,0.0,0.0,0.0,0.0,0.0,0.0
22474,1.0,1.0,1.0,0.0,1.0,1.0,1.0,1.0,1.0,1.0,1.0,1.0
2284,1.0,0.0,0.0,2.0,0.0,0.0,0.0,1.0,2.0,1.0,1.0,2.0
897,4.0,3.0,3.0,3.0,3.0,2.0,2.0,4.0,4.0,4.0,3.0,3.0
9287,3.0,1.0,1.0,2.0,2.0,2.0,3.0,3.0,3.0,2.0,2.0,2.0
12765,0.0,0.0,0.0,0.0,0.0,0.0,0.0,0.0,0.0,0.0,0.0,0.0
12766,0.0,0.0,0.0,0.0,0.0,0.0,0.0,0.0,0.0,0.0,0.0,0.0
12767,0.0,0.0,0.0,0.0,0.0,0.0,0.0,0.0,0.0,0.0,0.0,0.0
190,2.0,5.0,6.0,1.0,3.0,1.0,1.0,2.0,2.0,5.0,2.0,3.0
192,2.0,0.0,0.0,2.0,1.0,2.0,2.0,2.0,2.0,1.0,1.0,1.0
22429,1.0,0.0,0.0,0.0,0.0,0.0,0.0,0.0,0.0,0.0,0.0,0.0
199,0.0,0.0,0.0,0.0,0.0,0.0,0.0,0.0,0.0,0.0,0.0,0.0
24565,1.0,0.0,0.0,0.0,0.0,0.0,0.0,1.0,1.0,0.0,0.0,0.0
24563,0.0,0.0,0.0,0.0,0.0,0.0,0.0,0.0,0.0,0.0,0.0,0.0
11982,1.0,0.0,0.0,0.0,0.0,1.0,0.0,0.0,0.0,0.0,0.0,0.0
29169,0.0,0.0,0.0,0.0,0.0,0.0,0.0,0.0,0.0,0.0,0.0,0.0
24551,0.0,0.0,0.0,0.0,0.0,0.0,0.0,0.0,0.0,0.0,0.0,0.0
24550,0.0,0.0,0.0,0.0,0.0,0.0,0.0,0.0,0.0,0.0,0.0,0.0
28367,1.0,4.0,3.0,0.0,4.0,4.0,4.0,1.0,1.0,1.0,4.0,5.0
25600,0.0,0.0,0.0,0.0,0.0,0.0,0.0,0.0,0.0,0.0,0.0,0.0
19920,2.0,2.0,1.0,2.0,2.0,2.0,2.0,2.0,3.0,2.0,2.0,2.0
2418,1.0,1.0,1.0,0.0,1.0,1.0,2.0,1.0,1.0,1.0,1.0,1.0
29179,2.0,2.0,1.0,2.0,2.0,3.0,2.0,2.0,2.0,2.0,2.0,2.0
24554,0.0,0.0,0.0,0.0,0.0,0.0,0.0,0.0,0.0,0.0,0.0,0.0
6703,2.0,2.0,2.0,2.0,2.0,3.0,2.0,2.0,2.0,2.0,2.0,2.0
6704,2.0,1.0,1.0,3.0,2.0,3.0,3.0,2.0,2.0,2.0,3.0,3.0
19955,3.0,0.0,0.0,2.0,2.0,2.0,3.0,3.0,3.0,2.0,2.0,2.0
6705,2.0,2.0,1.0,2.0,2.0,3.0,2.0,2.0,2.0,2.0,2.0,2.0
6706,1.0,0.0,0.0,2.0,1.0,1.0,1.0,2.0,2.0,1.0,2.0,2.0
1742,0.0,0.0,0.0,0.0,0.0,0.0,0.0,0.0,0.0,0.0,0.0,0.0
28370,1.0,0.0,0.0,1.0,0.0,1.0,1.0,1.0,1.0,1.0,1.0,1.0
6700,2.0,2.0,2.0,2.0,2.0,3.0,2.0,2.0,2.0,2.0,2.0,2.0
24582,1.0,0.0,0.0,0.0,1.0,0.0,1.0,1.0,1.0,0.0,0.0,0.0
6701,2.0,2.0,1.0,3.0,2.0,4.0,3.0,2.0,2.0,2.0,3.0,3.0
24581,1.0,0.0,0.0,0.0,1.0,0.0,1.0,1.0,1.0,0.0,0.0,0.0
6702,4.0,3.0,3.0,4.0,4.0,2.0,3.0,4.0,3.0,4.0,3.0,3.0
19470,3.0,3.0,2.0,3.0,4.0,5.0,4.0,3.0,3.0,3.0,4.0,5.0
9262,0.0,0.0,0.0,0.0,0.0,0.0,0.0,0.0,0.0,0.0,0.0,0.0
13470,3.0,0.0,0.0,2.0,1.0,2.0,2.0,3.0,3.0,2.0,1.0,2.0
6707,2.0,4.0,3.0,2.0,3.0,3.0,2.0,2.0,2.0,3.0,2.0,3.0
25637,0.0,2.0,1.0,0.0,1.0,2.0,1.0,0.0,0.0,0.0,1.0,1.0
6708,2.0,4.0,3.0,3.0,3.0,2.0,2.0,2.0,2.0,3.0,2.0,3.0
9260,1.0,0.0,1.0,1.0,1.0,0.0,1.0,0.0,1.0,1.0,1.0,1.0
22444,0.0,0.0,0.0,0.0,0.0,0.0,0.0,0.0,0.0,0.0,0.0,0.0
13061,4.0,1.0,1.0,4.0,3.0,4.0,5.0,3.0,5.0,3.0,5.0,3.0
19068,2.0,1.0,1.0,1.0,1.0,1.0,1.0,1.0,1.0,1.0,1.0,1.0
13062,2.0,1.0,1.0,2.0,2.0,2.0,2.0,2.0,2.0,2.0,2.0,2.0
16323,0.0,0.0,0.0,0.0,0.0,0.0,0.0,0.0,0.0,0.0,0.0,0.0
8140,0.0,0.0,0.0,0.0,0.0,0.0,0.0,0.0,0.0,0.0,0.0,0.0
16322,0.0,0.0,0.0,0.0,0.0,0.0,0.0,0.0,0.0,0.0,0.0,0.0
29189,1.0,0.0,0.0,1.0,0.0,1.0,0.0,0.0,0.0,0.0,0.0,0.0
24589,3.0,1.0,1.0,2.0,2.0,2.0,3.0,3.0,3.0,2.0,2.0,2.0
22443,0.0,0.0,0.0,0.0,0.0,0.0,0.0,0.0,0.0,0.0,0.0,0.0
11061,1.0,2.0,1.0,0.0,2.0,2.0,2.0,1.0,1.0,1.0,2.0,1.0
16319,0.0,0.0,0.0,0.0,0.0,0.0,0.0,0.0,0.0,0.0,0.0,0.0
24573,1.0,1.0,1.0,0.0,1.0,1.0,1.0,1.0,1.0,1.0,1.0,1.0
6710,2.0,1.0,1.0,3.0,2.0,3.0,3.0,2.0,2.0,2.0,3.0,3.0
14590,1.0,0.0,0.0,1.0,1.0,1.0,1.0,1.0,1.0,1.0,1.0,1.0
14591,1.0,0.0,0.0,1.0,1.0,1.0,1.0,1.0,1.0,1.0,1.0,1.0
19466,3.0,3.0,2.0,3.0,4.0,5.0,4.0,3.0,3.0,3.0,4.0,5.0
14594,1.0,0.0,0.0,1.0,0.0,1.0,0.0,1.0,1.0,1.0,1.0,1.0
8139,0.0,0.0,0.0,0.0,0.0,0.0,0.0,0.0,0.0,0.0,0.0,0.0
3768,1.0,1.0,1.0,1.0,1.0,1.0,1.0,1.0,1.0,1.0,1.0,1.0
3769,0.0,0.0,0.0,1.0,0.0,1.0,0.0,1.0,1.0,1.0,1.0,1.0
24575,1.0,1.0,1.0,0.0,1.0,1.0,1.0,1.0,1.0,1.0,1.0,1.0
24577,1.0,1.0,1.0,0.0,1.0,1.0,1.0,1.0,1.0,1.0,1.0,1.0
7165,1.0,0.0,0.0,2.0,1.0,1.0,1.0,1.0,1.0,1.0,1.0,1.0
7164,1.0,0.0,0.0,2.0,1.0,1.0,1.0,2.0,2.0,1.0,1.0,2.0
7162,1.0,0.0,0.0,2.0,1.0,1.0,1.0,2.0,2.0,1.0,1.0,2.0
3858,3.0,3.0,3.0,4.0,3.0,3.0,3.0,3.0,3.0,3.0,3.0,3.0
25125,5.0,2.0,1.0,5.0,4.0,6.0,6.0,6.0,4.0,3.0,6.0,5.0
17796,1.0,0.0,0.0,1.0,0.0,1.0,1.0,0.0,0.0,0.0,0.0,0.0
25127,0.0,0.0,0.0,0.0,0.0,0.0,0.0,0.0,0.0,0.0,0.0,0.0
25128,0.0,0.0,0.0,0.0,0.0,0.0,0.0,0.0,0.0,0.0,0.0,0.0
25129,0.0,0.0,0.0,0.0,0.0,0.0,0.0,0.0,0.0,0.0,0.0,0.0
12021,0.0,1.0,1.0,0.0,1.0,1.0,1.0,0.0,0.0,0.0,1.0,1.0
12022,0.0,1.0,1.0,0.0,1.0,1.0,1.0,0.0,0.0,0.0,1.0,1.0
28313,0.0,0.0,0.0,0.0,0.0,0.0,0.0,0.0,0.0,0.0,0.0,0.0
3860,0.0,0.0,0.0,0.0,0.0,0.0,0.0,0.0,0.0,0.0,0.0,0.0
4500,0.0,0.0,0.0,0.0,0.0,0.0,0.0,0.0,0.0,0.0,0.0,0.0
24654,0.0,0.0,0.0,0.0,0.0,0.0,0.0,0.0,0.0,0.0,0.0,0.0
24653,0.0,0.0,0.0,0.0,0.0,0.0,0.0,0.0,0.0,0.0,0.0,0.0
19,0.0,1.0,1.0,1.0,1.0,1.0,1.0,0.0,0.0,0.0,1.0,1.0
18,0.0,0.0,0.0,0.0,0.0,0.0,0.0,0.0,0.0,0.0,0.0,0.0
5617,0.0,0.0,0.0,0.0,0.0,0.0,0.0,0.0,0.0,0.0,0.0,0.0
21229,3.0,1.0,1.0,3.0,2.0,2.0,2.0,2.0,2.0,2.0,2.0,2.0
2320,1.0,0.0,0.0,1.0,1.0,1.0,1.0,1.0,1.0,1.0,1.0,1.0
20,0.0,1.0,1.0,1.0,1.0,1.0,1.0,0.0,0.0,0.0,1.0,1.0
9195,0.0,0.0,0.0,0.0,0.0,0.0,0.0,0.0,0.0,0.0,0.0,0.0
18863,4.0,1.0,1.0,4.0,3.0,3.0,4.0,4.0,6.0,4.0,4.0,3.0
23903,0.0,0.0,0.0,0.0,0.0,0.0,0.0,0.0,0.0,0.0,0.0,0.0
25153,1.0,0.0,0.0,2.0,1.0,1.0,2.0,2.0,3.0,1.0,2.0,2.0
25151,4.0,1.0,1.0,4.0,2.0,3.0,4.0,4.0,5.0,3.0,3.0,4.0
25148,2.0,0.0,0.0,1.0,1.0,1.0,1.0,1.0,1.0,1.0,1.0,1.0
25149,1.0,2.0,2.0,1.0,2.0,1.0,1.0,1.0,1.0,2.0,1.0,1.0
2300,0.0,0.0,0.0,0.0,0.0,0.0,0.0,0.0,0.0,0.0,0.0,0.0
2301,0.0,0.0,0.0,0.0,0.0,0.0,0.0,0.0,0.0,0.0,0.0,0.0
23003,1.0,0.0,0.0,1.0,1.0,1.0,1.0,1.0,1.0,0.0,1.0,1.0
23910,1.0,0.0,0.0,1.0,0.0,1.0,0.0,1.0,1.0,1.0,0.0,0.0
7196,1.0,1.0,2.0,1.0,1.0,1.0,1.0,1.0,1.0,1.0,1.0,1.0
26690,1.0,0.0,0.0,1.0,0.0,1.0,1.0,1.0,1.0,0.0,0.0,0.0
3823,0.0,0.0,0.0,0.0,0.0,0.0,0.0,0.0,0.0,0.0,0.0,0.0
26693,2.0,0.0,0.0,2.0,1.0,2.0,2.0,1.0,1.0,1.0,1.0,1.0
13525,1.0,0.0,0.0,2.0,1.0,1.0,1.0,1.0,2.0,1.0,2.0,2.0
21244,1.0,0.0,0.0,2.0,1.0,1.0,1.0,2.0,2.0,1.0,2.0,2.0
26698,3.0,3.0,2.0,3.0,3.0,4.0,3.0,3.0,3.0,3.0,3.0,3.0
23960,0.0,0.0,0.0,0.0,0.0,0.0,0.0,0.0,0.0,0.0,0.0,0.0
15679,0.0,0.0,0.0,0.0,0.0,0.0,0.0,0.0,0.0,0.0,0.0,0.0
69,0.0,0.0,0.0,0.0,0.0,0.0,0.0,0.0,0.0,0.0,0.0,0.0
18312,1.0,0.0,0.0,0.0,1.0,1.0,1.0,1.0,1.0,0.0,0.0,0.0
13539,0.0,0.0,0.0,0.0,0.0,0.0,0.0,0.0,0.0,0.0,0.0,0.0
21254,1.0,0.0,0.0,1.0,0.0,0.0,0.0,0.0,1.0,0.0,0.0,0.0
21253,1.0,0.0,0.0,1.0,0.0,0.0,0.0,0.0,1.0,0.0,0.0,0.0
21252,0.0,1.0,1.0,0.0,0.0,0.0,0.0,0.0,1.0,1.0,0.0,0.0
70,0.0,0.0,0.0,0.0,0.0,0.0,0.0,0.0,0.0,0.0,0.0,0.0
71,0.0,0.0,0.0,0.0,0.0,0.0,0.0,0.0,0.0,0.0,0.0,0.0
4168,0.0,0.0,0.0,0.0,0.0,0.0,0.0,0.0,0.0,0.0,0.0,0.0
2359,3.0,0.0,0.0,2.0,2.0,3.0,3.0,2.0,2.0,1.0,2.0,2.0
13503,3.0,1.0,1.0,3.0,2.0,3.0,3.0,3.0,3.0,2.0,3.0,4.0
2358,3.0,1.0,1.0,2.0,2.0,3.0,3.0,3.0,2.0,2.0,2.0,2.0
16390,0.0,0.0,0.0,0.0,0.0,0.0,0.0,0.0,0.0,0.0,0.0,0.0
2356,0.0,0.0,0.0,0.0,0.0,0.0,0.0,0.0,0.0,0.0,0.0,0.0
57,0.0,0.0,0.0,0.0,0.0,0.0,0.0,0.0,0.0,0.0,0.0,0.0
15649,0.0,0.0,0.0,0.0,0.0,0.0,0.0,0.0,0.0,0.0,0.0,0.0
23054,1.0,1.0,1.0,1.0,1.0,1.0,2.0,1.0,1.0,1.0,1.0,1.0
55,0.0,0.0,0.0,0.0,0.0,0.0,0.0,0.0,0.0,0.0,0.0,0.0
3807,0.0,0.0,0.0,0.0,0.0,0.0,0.0,0.0,0.0,0.0,0.0,0.0
3806,0.0,0.0,0.0,0.0,0.0,0.0,0.0,0.0,0.0,0.0,0.0,0.0
4538,1.0,0.0,0.0,1.0,1.0,1.0,1.0,1.0,1.0,1.0,0.0,0.0
17766,0.0,0.0,0.0,0.0,0.0,0.0,0.0,0.0,0.0,0.0,0.0,0.0
1699,2.0,0.0,0.0,2.0,1.0,2.0,2.0,2.0,2.0,1.0,2.0,1.0
4539,1.0,0.0,0.0,1.0,1.0,0.0,1.0,1.0,1.0,1.0,0.0,0.0
12699,0.0,0.0,0.0,0.0,0.0,0.0,0.0,0.0,0.0,0.0,0.0,0.0
1698,3.0,4.0,3.0,2.0,4.0,2.0,3.0,3.0,3.0,4.0,3.0,3.0
4534,0.0,0.0,0.0,0.0,0.0,0.0,0.0,0.0,0.0,0.0,0.0,0.0
4535,0.0,0.0,0.0,0.0,0.0,0.0,0.0,0.0,0.0,0.0,0.0,0.0
12697,0.0,0.0,0.0,0.0,0.0,0.0,0.0,0.0,0.0,0.0,0.0,0.0
4134,0.0,0.0,0.0,0.0,0.0,0.0,0.0,0.0,0.0,0.0,0.0,0.0
2361,3.0,3.0,3.0,2.0,3.0,2.0,2.0,3.0,2.0,3.0,3.0,3.0
2360,3.0,0.0,0.0,2.0,2.0,2.0,3.0,3.0,1.0,1.0,2.0,2.0
2347,0.0,0.0,0.0,0.0,0.0,0.0,0.0,0.0,0.0,0.0,0.0,0.0
25596,0.0,0.0,0.0,0.0,0.0,0.0,0.0,0.0,0.0,0.0,0.0,0.0
25595,0.0,0.0,0.0,0.0,0.0,0.0,0.0,0.0,0.0,0.0,0.0,0.0
4137,0.0,0.0,0.0,0.0,0.0,0.0,0.0,0.0,0.0,0.0,0.0,0.0
24627,0.0,1.0,1.0,0.0,1.0,1.0,1.0,0.0,0.0,0.0,1.0,1.0
2346,0.0,0.0,0.0,0.0,0.0,0.0,0.0,0.0,0.0,0.0,0.0,0.0
2345,0.0,0.0,0.0,0.0,0.0,0.0,0.0,0.0,0.0,0.0,0.0,0.0
17775,0.0,0.0,0.0,0.0,0.0,0.0,0.0,0.0,0.0,0.0,0.0,0.0
13517,0.0,0.0,0.0,0.0,0.0,0.0,0.0,0.0,0.0,0.0,0.0,0.0
17773,0.0,0.0,0.0,0.0,0.0,0.0,0.0,0.0,0.0,0.0,0.0,0.0
21272,0.0,0.0,0.0,0.0,0.0,0.0,0.0,0.0,0.0,0.0,0.0,0.0
11503,0.0,0.0,0.0,0.0,0.0,0.0,0.0,0.0,0.0,0.0,0.0,0.0
11502,0.0,0.0,0.0,0.0,0.0,0.0,0.0,0.0,0.0,0.0,0.0,0.0
22875,3.0,0.0,0.0,2.0,1.0,2.0,3.0,3.0,3.0,1.0,2.0,2.0
11531,3.0,2.0,1.0,2.0,3.0,4.0,4.0,3.0,2.0,2.0,3.0,2.0
22870,2.0,0.0,0.0,1.0,1.0,1.0,1.0,1.0,1.0,1.0,1.0,1.0
487,2.0,1.0,1.0,2.0,2.0,3.0,3.0,2.0,2.0,1.0,2.0,2.0
4598,0.0,0.0,0.0,0.0,0.0,0.0,0.0,0.0,0.0,0.0,0.0,0.0
8675,0.0,0.0,0.0,0.0,0.0,0.0,0.0,0.0,0.0,0.0,0.0,0.0
17701,0.0,0.0,0.0,0.0,0.0,0.0,0.0,0.0,0.0,0.0,0.0,0.0
489,2.0,2.0,2.0,1.0,2.0,2.0,2.0,1.0,2.0,2.0,2.0,2.0
488,2.0,2.0,2.0,1.0,2.0,2.0,2.0,1.0,2.0,2.0,2.0,2.0
14616,0.0,0.0,0.0,0.0,0.0,0.0,0.0,0.0,0.0,0.0,0.0,0.0
14617,0.0,0.0,0.0,0.0,0.0,0.0,0.0,0.0,0.0,0.0,0.0,0.0
1288,0.0,0.0,0.0,0.0,0.0,0.0,0.0,0.0,0.0,0.0,0.0,0.0
1287,0.0,0.0,0.0,0.0,0.0,0.0,0.0,0.0,0.0,0.0,0.0,0.0
14615,0.0,0.0,0.0,0.0,0.0,0.0,0.0,0.0,0.0,0.0,0.0,0.0
7412,0.0,0.0,0.0,0.0,0.0,0.0,0.0,0.0,0.0,0.0,0.0,0.0
10002,0.0,0.0,0.0,0.0,0.0,0.0,0.0,0.0,0.0,0.0,0.0,0.0
14627,0.0,0.0,0.0,0.0,0.0,0.0,0.0,0.0,0.0,0.0,0.0,0.0
4596,0.0,0.0,0.0,0.0,0.0,0.0,0.0,0.0,0.0,0.0,0.0,0.0
4597,0.0,0.0,0.0,0.0,0.0,0.0,0.0,0.0,0.0,0.0,0.0,0.0
16768,0.0,0.0,0.0,0.0,0.0,1.0,0.0,0.0,0.0,0.0,0.0,0.0
16764,1.0,1.0,2.0,1.0,1.0,0.0,0.0,1.0,1.0,1.0,1.0,1.0
16765,1.0,0.0,0.0,1.0,1.0,1.0,1.0,1.0,1.0,1.0,1.0,1.0
14626,0.0,0.0,0.0,0.0,0.0,0.0,0.0,0.0,0.0,0.0,0.0,0.0
16766,0.0,0.0,0.0,0.0,0.0,1.0,0.0,0.0,0.0,0.0,0.0,0.0
10814,0.0,1.0,1.0,0.0,0.0,0.0,0.0,0.0,1.0,1.0,0.0,0.0
14623,0.0,0.0,0.0,0.0,0.0,0.0,0.0,0.0,0.0,0.0,0.0,0.0
16767,0.0,1.0,1.0,0.0,0.0,0.0,0.0,0.0,1.0,1.0,0.0,0.0
29448,1.0,0.0,0.0,1.0,0.0,1.0,0.0,1.0,1.0,1.0,0.0,0.0
14624,0.0,0.0,0.0,0.0,0.0,0.0,0.0,0.0,0.0,0.0,0.0,0.0
7101,0.0,0.0,0.0,0.0,0.0,0.0,0.0,0.0,0.0,0.0,0.0,0.0
7102,2.0,3.0,3.0,2.0,3.0,3.0,2.0,1.0,2.0,2.0,2.0,2.0
17723,0.0,0.0,0.0,0.0,0.0,0.0,0.0,0.0,0.0,0.0,0.0,0.0
22858,1.0,0.0,0.0,1.0,1.0,1.0,1.0,1.0,1.0,0.0,1.0,1.0
17724,0.0,1.0,1.0,0.0,1.0,1.0,1.0,0.0,0.0,0.0,1.0,1.0
17721,0.0,1.0,1.0,0.0,1.0,1.0,1.0,0.0,0.0,0.0,1.0,1.0
17722,0.0,1.0,1.0,0.0,1.0,1.0,1.0,0.0,0.0,0.0,1.0,1.0
17727,0.0,1.0,1.0,0.0,1.0,1.0,1.0,0.0,0.0,0.0,1.0,1.0
25701,1.0,0.0,0.0,1.0,1.0,1.0,1.0,2.0,1.0,1.0,1.0,1.0
15688,1.0,1.0,1.0,1.0,1.0,1.0,2.0,1.0,1.0,1.0,1.0,1.0
2398,0.0,1.0,1.0,0.0,1.0,1.0,1.0,0.0,0.0,0.0,1.0,1.0
29464,0.0,0.0,0.0,0.0,0.0,0.0,0.0,0.0,0.0,0.0,0.0,0.0
2397,0.0,1.0,1.0,0.0,1.0,1.0,1.0,0.0,0.0,0.0,1.0,1.0
29463,0.0,0.0,0.0,0.0,0.0,0.0,0.0,0.0,0.0,0.0,0.0,0.0
2396,0.0,1.0,1.0,0.0,1.0,1.0,1.0,0.0,0.0,0.0,1.0,1.0
2395,0.0,1.0,1.0,0.0,1.0,1.0,1.0,0.0,0.0,0.0,1.0,1.0
2394,0.0,1.0,1.0,0.0,1.0,1.0,1.0,0.0,0.0,0.0,1.0,1.0
7115,1.0,2.0,1.0,2.0,2.0,2.0,2.0,2.0,2.0,2.0,2.0,2.0
7114,1.0,2.0,1.0,2.0,2.0,2.0,2.0,2.0,2.0,2.0,2.0,2.0
7113,2.0,2.0,2.0,3.0,2.0,3.0,2.0,3.0,3.0,2.0,3.0,3.0
11547,0.0,0.0,0.0,0.0,0.0,0.0,0.0,0.0,0.0,0.0,0.0,0.0
2796,0.0,0.0,0.0,0.0,0.0,0.0,0.0,0.0,0.0,0.0,0.0,0.0
8665,0.0,0.0,0.0,0.0,0.0,0.0,0.0,0.0,0.0,0.0,0.0,0.0
490,1.0,4.0,4.0,1.0,3.0,1.0,1.0,1.0,2.0,4.0,2.0,3.0
25719,2.0,4.0,4.0,2.0,3.0,2.0,2.0,2.0,3.0,4.0,2.0,3.0
1258,1.0,1.0,1.0,0.0,1.0,1.0,2.0,1.0,1.0,1.0,1.0,1.0
29469,0.0,0.0,0.0,0.0,0.0,1.0,0.0,0.0,0.0,0.0,0.0,0.0
23085,0.0,0.0,0.0,0.0,0.0,0.0,0.0,0.0,0.0,0.0,0.0,0.0
29493,1.0,0.0,0.0,0.0,0.0,0.0,0.0,1.0,1.0,0.0,0.0,0.0
7126,0.0,2.0,1.0,0.0,1.0,2.0,1.0,0.0,0.0,0.0,1.0,1.0
12056,0.0,1.0,1.0,0.0,1.0,1.0,1.0,0.0,0.0,0.0,1.0,1.0
1251,0.0,0.0,0.0,0.0,0.0,0.0,0.0,0.0,0.0,0.0,0.0,0.0
1249,0.0,1.0,1.0,0.0,1.0,1.0,1.0,0.0,0.0,0.0,1.0,1.0
6315,0.0,2.0,1.0,0.0,1.0,2.0,1.0,0.0,0.0,0.0,1.0,1.0
1247,2.0,1.0,1.0,1.0,2.0,1.0,2.0,1.0,2.0,2.0,1.0,1.0
7119,2.0,2.0,2.0,3.0,2.0,3.0,2.0,3.0,3.0,2.0,3.0,3.0
6314,0.0,2.0,1.0,0.0,1.0,2.0,1.0,0.0,0.0,0.0,1.0,1.0
18808,0.0,0.0,0.0,0.0,0.0,0.0,0.0,0.0,0.0,0.0,0.0,0.0
18807,0.0,0.0,0.0,0.0,0.0,0.0,0.0,0.0,0.0,0.0,0.0,0.0
7130,0.0,2.0,1.0,0.0,1.0,2.0,1.0,0.0,0.0,0.0,1.0,1.0
26621,0.0,0.0,0.0,0.0,0.0,0.0,0.0,0.0,0.0,0.0,0.0,0.0
11562,0.0,0.0,0.0,0.0,0.0,0.0,0.0,0.0,0.0,0.0,0.0,0.0
7138,0.0,0.0,0.0,0.0,0.0,0.0,0.0,0.0,0.0,0.0,0.0,0.0
11561,0.0,0.0,0.0,0.0,0.0,0.0,0.0,0.0,0.0,0.0,0.0,0.0
7131,2.0,0.0,0.0,3.0,1.0,1.0,1.0,2.0,3.0,2.0,2.0,2.0
6308,0.0,0.0,0.0,0.0,0.0,0.0,0.0,0.0,0.0,0.0,0.0,0.0
12060,0.0,1.0,1.0,0.0,1.0,1.0,1.0,0.0,0.0,0.0,1.0,1.0
6307,1.0,0.0,1.0,1.0,1.0,0.0,1.0,1.0,1.0,1.0,1.0,1.0
6309,0.0,0.0,0.0,0.0,0.0,0.0,0.0,0.0,0.0,0.0,0.0,0.0
11560,0.0,0.0,0.0,0.0,0.0,0.0,0.0,0.0,0.0,0.0,0.0,0.0
25733,0.0,1.0,1.0,1.0,1.0,1.0,1.0,0.0,0.0,0.0,1.0,1.0
25112,0.0,0.0,0.0,0.0,0.0,0.0,0.0,0.0,0.0,0.0,0.0,0.0
7140,0.0,2.0,2.0,0.0,2.0,2.0,1.0,0.0,1.0,1.0,2.0,2.0
5662,0.0,0.0,0.0,0.0,0.0,0.0,0.0,0.0,0.0,0.0,0.0,0.0
5661,0.0,0.0,1.0,0.0,0.0,0.0,0.0,0.0,0.0,0.0,0.0,0.0
22810,0.0,0.0,0.0,0.0,0.0,0.0,0.0,0.0,0.0,0.0,0.0,0.0
1228,2.0,0.0,0.0,2.0,1.0,2.0,2.0,2.0,2.0,1.0,2.0,2.0
22823,1.0,0.0,0.0,2.0,1.0,2.0,2.0,1.0,2.0,1.0,1.0,2.0
22822,2.0,2.0,1.0,1.0,2.0,2.0,3.0,2.0,2.0,2.0,2.0,2.0
22826,2.0,2.0,2.0,1.0,2.0,2.0,2.0,2.0,2.0,2.0,2.0,3.0
7150,5.0,2.0,3.0,5.0,4.0,2.0,3.0,5.0,3.0,4.0,3.0,3.0
26647,1.0,0.0,0.0,2.0,1.0,1.0,1.0,1.0,1.0,1.0,1.0,1.0
7153,1.0,2.0,3.0,1.0,0.0,0.0,0.0,1.0,2.0,2.0,1.0,2.0
7154,1.0,2.0,2.0,1.0,2.0,1.0,1.0,1.0,1.0,2.0,1.0,1.0
26648,1.0,0.0,0.0,2.0,1.0,1.0,1.0,1.0,1.0,1.0,1.0,1.0
5670,2.0,0.0,0.0,3.0,1.0,1.0,1.0,2.0,3.0,2.0,2.0,2.0
7158,1.0,0.0,0.0,2.0,1.0,1.0,1.0,2.0,2.0,1.0,1.0,2.0
5669,2.0,0.0,0.0,3.0,1.0,1.0,1.0,2.0,3.0,2.0,2.0,2.0
18817,0.0,0.0,0.0,0.0,0.0,0.0,0.0,0.0,0.0,0.0,0.0,0.0
27248,1.0,0.0,0.0,0.0,0.0,0.0,0.0,1.0,1.0,0.0,0.0,0.0
5298,0.0,1.0,1.0,1.0,1.0,1.0,1.0,1.0,1.0,1.0,1.0,1.0
5299,0.0,1.0,1.0,1.0,1.0,1.0,1.0,1.0,1.0,1.0,1.0,1.0
29302,1.0,0.0,0.0,1.0,0.0,0.0,0.0,1.0,1.0,1.0,1.0,0.0
339,1.0,1.0,2.0,1.0,1.0,1.0,0.0,1.0,2.0,2.0,1.0,1.0
337,1.0,0.0,0.0,1.0,1.0,1.0,1.0,1.0,1.0,1.0,1.0,0.0
747,0.0,1.0,1.0,0.0,0.0,0.0,0.0,0.0,1.0,1.0,0.0,0.0
12857,0.0,0.0,0.0,0.0,0.0,0.0,0.0,0.0,0.0,0.0,0.0,0.0
746,1.0,0.0,0.0,0.0,0.0,1.0,0.0,1.0,0.0,0.0,0.0,0.0
20631,1.0,0.0,0.0,0.0,0.0,1.0,0.0,0.0,0.0,0.0,0.0,0.0
745,1.0,0.0,0.0,0.0,0.0,1.0,1.0,1.0,0.0,0.0,0.0,0.0
744,0.0,1.0,1.0,0.0,0.0,0.0,0.0,0.0,1.0,1.0,0.0,0.0
29305,2.0,0.0,0.0,2.0,1.0,1.0,1.0,2.0,2.0,1.0,1.0,1.0
29306,2.0,0.0,0.0,2.0,1.0,3.0,3.0,2.0,2.0,1.0,2.0,1.0
29311,0.0,0.0,0.0,0.0,0.0,0.0,0.0,0.0,0.0,0.0,0.0,0.0
341,1.0,1.0,1.0,1.0,0.0,0.0,0.0,1.0,1.0,1.0,1.0,1.0
29707,2.0,1.0,1.0,2.0,2.0,2.0,2.0,2.0,2.0,2.0,2.0,2.0
342,0.0,0.0,0.0,0.0,0.0,0.0,0.0,0.0,0.0,0.0,0.0,0.0
3493,0.0,0.0,0.0,0.0,0.0,0.0,0.0,0.0,0.0,0.0,0.0,0.0
7342,0.0,0.0,0.0,0.0,0.0,0.0,0.0,0.0,0.0,0.0,0.0,0.0
3494,0.0,0.0,0.0,0.0,0.0,0.0,0.0,0.0,0.0,0.0,0.0,0.0
340,1.0,0.0,0.0,1.0,1.0,1.0,1.0,1.0,1.0,1.0,1.0,0.0
10725,3.0,0.0,0.0,2.0,1.0,2.0,2.0,3.0,3.0,2.0,1.0,2.0
14874,2.0,0.0,0.0,1.0,1.0,1.0,1.0,1.0,1.0,1.0,1.0,1.0
14873,2.0,0.0,0.0,1.0,1.0,1.0,1.0,1.0,1.0,1.0,0.0,0.0
29319,4.0,0.0,0.0,3.0,2.0,4.0,6.0,4.0,5.0,2.0,4.0,1.0
14878,3.0,0.0,0.0,2.0,2.0,3.0,4.0,2.0,2.0,1.0,2.0,1.0
14876,3.0,0.0,0.0,2.0,2.0,2.0,4.0,3.0,3.0,2.0,2.0,2.0
732,1.0,0.0,0.0,2.0,1.0,1.0,1.0,2.0,2.0,1.0,1.0,1.0
8438,0.0,0.0,0.0,0.0,0.0,0.0,0.0,0.0,0.0,0.0,0.0,0.0
20265,3.0,1.0,1.0,3.0,2.0,3.0,3.0,3.0,3.0,2.0,3.0,4.0
21314,1.0,0.0,0.0,1.0,0.0,0.0,1.0,1.0,1.0,1.0,0.0,0.0
17464,0.0,0.0,0.0,0.0,0.0,0.0,0.0,0.0,0.0,0.0,0.0,0.0
315,0.0,0.0,0.0,0.0,0.0,0.0,0.0,0.0,0.0,0.0,0.0,0.0
21315,1.0,0.0,0.0,1.0,0.0,0.0,1.0,1.0,1.0,1.0,0.0,0.0
728,0.0,2.0,3.0,0.0,0.0,0.0,0.0,0.0,1.0,2.0,1.0,1.0
726,1.0,1.0,1.0,1.0,1.0,1.0,0.0,1.0,1.0,1.0,1.0,1.0
7333,1.0,0.0,0.0,0.0,1.0,1.0,1.0,1.0,1.0,1.0,1.0,1.0
725,1.0,1.0,2.0,1.0,1.0,1.0,0.0,1.0,1.0,1.0,1.0,1.0
7334,1.0,0.0,0.0,0.0,1.0,1.0,1.0,1.0,1.0,1.0,1.0,1.0
7335,0.0,2.0,3.0,0.0,0.0,0.0,0.0,0.0,1.0,2.0,1.0,1.0
7336,1.0,0.0,0.0,0.0,1.0,1.0,1.0,1.0,1.0,1.0,1.0,1.0
721,1.0,0.0,0.0,1.0,0.0,0.0,0.0,1.0,1.0,1.0,0.0,0.0
720,3.0,5.0,6.0,3.0,5.0,2.0,2.0,3.0,3.0,5.0,2.0,4.0
10733,2.0,0.0,0.0,1.0,1.0,1.0,2.0,2.0,1.0,1.0,0.0,0.0
20260,1.0,1.0,1.0,1.0,2.0,1.0,1.0,1.0,1.0,1.0,1.0,2.0
14892,0.0,0.0,0.0,0.0,0.0,0.0,0.0,0.0,0.0,0.0,0.0,0.0
14893,0.0,1.0,1.0,0.0,0.0,0.0,0.0,0.0,0.0,0.0,0.0,0.0
14890,0.0,0.0,0.0,0.0,0.0,0.0,0.0,0.0,0.0,0.0,0.0,0.0
21306,0.0,0.0,0.0,0.0,0.0,0.0,0.0,0.0,0.0,0.0,0.0,0.0
7316,1.0,0.0,0.0,1.0,1.0,1.0,1.0,1.0,1.0,1.0,1.0,1.0
7315,2.0,0.0,0.0,1.0,1.0,2.0,2.0,2.0,1.0,1.0,1.0,1.0
28236,1.0,0.0,0.0,0.0,0.0,0.0,0.0,1.0,1.0,1.0,0.0,0.0
718,1.0,0.0,0.0,1.0,0.0,0.0,0.0,1.0,1.0,1.0,0.0,0.0
8431,0.0,0.0,0.0,0.0,0.0,0.0,0.0,0.0,0.0,0.0,0.0,0.0
27545,0.0,0.0,0.0,0.0,0.0,0.0,0.0,0.0,0.0,0.0,0.0,0.0
16235,0.0,1.0,1.0,0.0,0.0,0.0,0.0,0.0,0.0,0.0,0.0,0.0
8054,1.0,0.0,0.0,1.0,1.0,1.0,1.0,1.0,0.0,0.0,1.0,0.0
20286,0.0,0.0,0.0,0.0,0.0,0.0,0.0,0.0,0.0,0.0,0.0,0.0
12898,2.0,1.0,1.0,1.0,2.0,1.0,2.0,1.0,2.0,1.0,1.0,1.0
16239,1.0,0.0,0.0,0.0,0.0,0.0,1.0,1.0,1.0,0.0,0.0,0.0
8460,0.0,0.0,0.0,1.0,0.0,0.0,0.0,0.0,1.0,0.0,0.0,0.0
19303,1.0,1.0,1.0,1.0,1.0,1.0,1.0,1.0,1.0,1.0,1.0,1.0
16637,2.0,2.0,2.0,1.0,2.0,2.0,2.0,2.0,2.0,2.0,2.0,3.0
300,0.0,0.0,0.0,1.0,0.0,0.0,0.0,0.0,0.0,0.0,0.0,0.0
4977,1.0,0.0,0.0,1.0,0.0,0.0,0.0,1.0,1.0,1.0,0.0,0.0
4978,1.0,0.0,0.0,1.0,0.0,0.0,0.0,1.0,1.0,1.0,0.0,0.0
4979,1.0,0.0,0.0,1.0,0.0,0.0,0.0,1.0,1.0,1.0,0.0,0.0
26826,0.0,0.0,0.0,0.0,0.0,0.0,0.0,0.0,0.0,0.0,0.0,0.0
26824,0.0,0.0,0.0,0.0,0.0,0.0,0.0,0.0,0.0,0.0,0.0,0.0
13978,0.0,0.0,0.0,0.0,0.0,0.0,0.0,0.0,0.0,0.0,0.0,0.0
16620,2.0,1.0,1.0,3.0,2.0,2.0,2.0,2.0,3.0,2.0,2.0,2.0
16611,1.0,1.0,1.0,0.0,1.0,1.0,1.0,1.0,1.0,1.0,1.0,1.0
20299,2.0,0.0,0.0,2.0,1.0,2.0,2.0,2.0,1.0,1.0,1.0,1.0
4999,0.0,0.0,0.0,0.0,0.0,0.0,0.0,0.0,0.0,0.0,0.0,0.0
23868,1.0,1.0,1.0,1.0,0.0,0.0,0.0,1.0,1.0,1.0,1.0,1.0
7362,1.0,0.0,0.0,0.0,0.0,0.0,0.0,1.0,1.0,1.0,0.0,0.0
21763,0.0,0.0,0.0,0.0,0.0,0.0,0.0,0.0,0.0,0.0,0.0,0.0
21762,0.0,0.0,0.0,0.0,0.0,0.0,0.0,0.0,0.0,0.0,0.0,0.0
29796,0.0,0.0,0.0,0.0,0.0,0.0,0.0,0.0,0.0,0.0,0.0,0.0
9550,0.0,0.0,0.0,0.0,0.0,0.0,0.0,0.0,0.0,0.0,0.0,0.0
22326,0.0,0.0,0.0,0.0,0.0,0.0,0.0,0.0,0.0,0.0,0.0,0.0
10797,0.0,0.0,0.0,0.0,0.0,0.0,0.0,0.0,0.0,0.0,0.0,0.0
4045,0.0,0.0,0.0,0.0,0.0,0.0,0.0,0.0,0.0,0.0,0.0,0.0
10291,0.0,0.0,0.0,0.0,0.0,0.0,0.0,0.0,0.0,0.0,0.0,0.0
3873,0.0,0.0,0.0,0.0,0.0,1.0,0.0,0.0,0.0,0.0,0.0,0.0
2745,2.0,0.0,0.0,3.0,1.0,1.0,1.0,2.0,2.0,1.0,1.0,1.0
9551,0.0,0.0,0.0,0.0,0.0,0.0,0.0,0.0,0.0,0.0,0.0,0.0
22329,0.0,3.0,2.0,0.0,3.0,3.0,2.0,0.0,0.0,0.0,3.0,2.0
10292,0.0,0.0,0.0,0.0,0.0,0.0,0.0,0.0,0.0,0.0,0.0,0.0
10298,1.0,0.0,0.0,1.0,1.0,1.0,1.0,1.0,1.0,0.0,1.0,0.0
13912,3.0,0.0,0.0,2.0,2.0,3.0,3.0,3.0,1.0,1.0,2.0,2.0
9143,2.0,0.0,0.0,2.0,1.0,2.0,2.0,2.0,2.0,1.0,2.0,2.0
1622,0.0,0.0,0.0,0.0,0.0,0.0,0.0,0.0,0.0,0.0,0.0,0.0
1621,0.0,0.0,0.0,0.0,0.0,0.0,0.0,0.0,0.0,0.0,0.0,0.0
4924,4.0,2.0,1.0,3.0,3.0,3.0,4.0,4.0,4.0,3.0,3.0,3.0
9146,2.0,0.0,0.0,2.0,1.0,2.0,2.0,2.0,2.0,1.0,2.0,2.0
4921,0.0,0.0,0.0,0.0,0.0,0.0,0.0,0.0,0.0,0.0,0.0,0.0
24458,2.0,0.0,0.0,1.0,1.0,1.0,2.0,1.0,1.0,0.0,0.0,0.0
21770,1.0,0.0,0.0,0.0,0.0,0.0,0.0,1.0,1.0,0.0,0.0,0.0
3884,2.0,1.0,1.0,1.0,2.0,1.0,2.0,1.0,1.0,1.0,2.0,1.0
3885,2.0,1.0,1.0,1.0,2.0,1.0,2.0,1.0,1.0,1.0,2.0,1.0
9150,1.0,0.0,0.0,1.0,0.0,1.0,0.0,1.0,1.0,1.0,1.0,1.0
21363,1.0,0.0,0.0,1.0,0.0,1.0,1.0,1.0,1.0,0.0,1.0,0.0
6284,0.0,0.0,0.0,0.0,0.0,0.0,0.0,0.0,0.0,0.0,0.0,0.0
16662,1.0,2.0,1.0,2.0,2.0,2.0,2.0,2.0,2.0,2.0,2.0,2.0
24442,0.0,0.0,0.0,0.0,0.0,0.0,0.0,0.0,0.0,0.0,0.0,0.0
24443,0.0,0.0,0.0,0.0,0.0,0.0,0.0,0.0,0.0,0.0,0.0,0.0
22307,0.0,0.0,0.0,0.0,0.0,0.0,0.0,0.0,0.0,0.0,0.0,0.0
3026,2.0,2.0,1.0,2.0,2.0,3.0,3.0,2.0,2.0,2.0,3.0,3.0
23424,2.0,1.0,1.0,3.0,1.0,1.0,1.0,2.0,2.0,2.0,1.0,1.0
4945,2.0,0.0,0.0,2.0,1.0,1.0,1.0,2.0,2.0,1.0,1.0,1.0
16666,0.0,0.0,0.0,0.0,0.0,0.0,0.0,0.0,0.0,0.0,0.0,0.0
4943,3.0,4.0,4.0,2.0,4.0,2.0,2.0,2.0,3.0,5.0,2.0,3.0
12805,0.0,0.0,0.0,0.0,0.0,0.0,0.0,0.0,0.0,0.0,0.0,0.0
9561,0.0,0.0,0.0,0.0,0.0,0.0,0.0,0.0,0.0,0.0,0.0,0.0
12804,0.0,0.0,0.0,0.0,0.0,0.0,0.0,0.0,0.0,0.0,0.0,0.0
6272,0.0,0.0,0.0,0.0,0.0,0.0,0.0,0.0,0.0,0.0,0.0,0.0
794,1.0,0.0,0.0,1.0,0.0,0.0,1.0,1.0,2.0,1.0,1.0,1.0
793,1.0,0.0,0.0,1.0,0.0,0.0,1.0,1.0,2.0,1.0,1.0,1.0
9567,0.0,4.0,4.0,0.0,4.0,3.0,2.0,0.0,1.0,2.0,3.0,4.0
13928,0.0,0.0,0.0,1.0,0.0,0.0,0.0,0.0,1.0,0.0,0.0,0.0
10289,0.0,0.0,0.0,0.0,0.0,0.0,0.0,0.0,0.0,0.0,0.0,0.0
1639,0.0,0.0,0.0,0.0,0.0,0.0,0.0,0.0,0.0,0.0,0.0,0.0
10287,2.0,2.0,2.0,1.0,2.0,2.0,2.0,2.0,2.0,2.0,2.0,2.0
1636,0.0,1.0,1.0,0.0,0.0,0.0,0.0,0.0,0.0,0.0,0.0,0.0
4951,3.0,1.0,1.0,2.0,2.0,2.0,3.0,3.0,3.0,2.0,2.0,2.0
4952,3.0,1.0,1.0,2.0,2.0,2.0,3.0,3.0,3.0,2.0,2.0,2.0
6264,0.0,0.0,0.0,0.0,0.0,0.0,0.0,0.0,0.0,0.0,0.0,0.0
6265,0.0,0.0,0.0,0.0,0.0,0.0,0.0,0.0,0.0,0.0,0.0,0.0
9105,1.0,0.0,0.0,0.0,1.0,1.0,1.0,1.0,1.0,0.0,0.0,0.0
9101,1.0,1.0,1.0,0.0,1.0,1.0,1.0,1.0,1.0,1.0,1.0,1.0
3052,1.0,1.0,2.0,1.0,0.0,0.0,0.0,1.0,1.0,1.0,1.0,1.0
20203,2.0,0.0,0.0,1.0,1.0,2.0,2.0,1.0,2.0,1.0,1.0,1.0
23403,0.0,0.0,0.0,0.0,0.0,0.0,0.0,0.0,0.0,0.0,0.0,0.0
12429,0.0,0.0,0.0,1.0,0.0,0.0,0.0,1.0,1.0,1.0,0.0,0.0
23805,0.0,0.0,0.0,0.0,0.0,0.0,0.0,0.0,0.0,0.0,0.0,0.0
3038,1.0,1.0,1.0,2.0,1.0,1.0,2.0,2.0,2.0,2.0,2.0,2.0
21735,4.0,0.0,0.0,4.0,2.0,5.0,7.0,4.0,6.0,2.0,5.0,2.0
21736,3.0,1.0,1.0,3.0,2.0,3.0,3.0,3.0,4.0,3.0,3.0,3.0
23804,0.0,0.0,0.0,0.0,0.0,0.0,0.0,0.0,0.0,0.0,0.0,0.0
21734,2.0,0.0,0.0,3.0,1.0,2.0,2.0,2.0,3.0,1.0,2.0,2.0
11388,0.0,0.0,0.0,0.0,0.0,0.0,0.0,0.0,0.0,0.0,0.0,0.0
13309,3.0,0.0,0.0,2.0,1.0,2.0,2.0,3.0,3.0,2.0,1.0,2.0
22358,1.0,0.0,0.0,2.0,1.0,1.0,1.0,2.0,2.0,1.0,2.0,2.0
11387,0.0,0.0,0.0,0.0,0.0,0.0,0.0,0.0,0.0,0.0,0.0,0.0
11386,1.0,0.0,0.0,0.0,0.0,1.0,0.0,1.0,0.0,0.0,0.0,0.0
22355,1.0,0.0,0.0,1.0,0.0,0.0,0.0,0.0,0.0,0.0,0.0,0.0
24142,0.0,0.0,0.0,1.0,0.0,0.0,0.0,0.0,0.0,0.0,0.0,0.0
11380,2.0,1.0,1.0,2.0,2.0,1.0,2.0,2.0,2.0,2.0,2.0,1.0
21328,0.0,0.0,0.0,0.0,0.0,0.0,0.0,0.0,0.0,0.0,0.0,0.0
21327,0.0,0.0,0.0,0.0,0.0,0.0,0.0,0.0,0.0,0.0,0.0,0.0
21326,0.0,0.0,0.0,0.0,0.0,0.0,0.0,0.0,0.0,0.0,0.0,0.0
19785,1.0,0.0,0.0,2.0,1.0,1.0,1.0,2.0,2.0,1.0,2.0,2.0
23410,1.0,0.0,0.0,1.0,1.0,1.0,1.0,1.0,1.0,1.0,1.0,1.0
18584,0.0,0.0,0.0,0.0,0.0,0.0,0.0,0.0,0.0,0.0,0.0,0.0
18557,2.0,0.0,0.0,2.0,1.0,1.0,1.0,2.0,2.0,1.0,1.0,1.0
13332,0.0,0.0,0.0,1.0,0.0,0.0,0.0,0.0,1.0,0.0,1.0,1.0
9536,8.0,3.0,2.0,7.0,5.0,9.0,8.0,9.0,6.0,4.0,8.0,4.0
11379,2.0,4.0,4.0,2.0,3.0,1.0,1.0,2.0,2.0,4.0,2.0,3.0
3463,0.0,0.0,0.0,0.0,0.0,0.0,0.0,0.0,0.0,0.0,0.0,0.0
11378,2.0,1.0,1.0,2.0,2.0,1.0,2.0,2.0,2.0,2.0,2.0,1.0
11377,2.0,1.0,1.0,2.0,2.0,1.0,2.0,2.0,2.0,2.0,2.0,1.0
14459,0.0,1.0,1.0,0.0,1.0,1.0,1.0,0.0,0.0,0.0,1.0,1.0
9852,0.0,1.0,1.0,0.0,1.0,1.0,1.0,0.0,0.0,0.0,1.0,1.0
19776,0.0,0.0,0.0,0.0,0.0,0.0,0.0,0.0,0.0,0.0,0.0,0.0
19775,0.0,0.0,0.0,0.0,0.0,0.0,0.0,0.0,0.0,0.0,0.0,0.0
19769,1.0,2.0,2.0,0.0,2.0,2.0,1.0,1.0,1.0,1.0,2.0,1.0
1681,0.0,0.0,0.0,0.0,0.0,0.0,0.0,0.0,0.0,0.0,0.0,0.0
16699,0.0,0.0,0.0,0.0,0.0,0.0,0.0,0.0,0.0,0.0,0.0,0.0
9518,5.0,5.0,5.0,6.0,6.0,4.0,3.0,5.0,6.0,6.0,5.0,7.0
18565,0.0,0.0,0.0,0.0,0.0,0.0,0.0,0.0,0.0,0.0,0.0,0.0
18564,0.0,0.0,0.0,0.0,0.0,0.0,0.0,0.0,0.0,0.0,0.0,0.0
4497,0.0,0.0,0.0,0.0,0.0,0.0,0.0,0.0,0.0,0.0,0.0,0.0
10346,0.0,0.0,0.0,0.0,0.0,0.0,0.0,0.0,0.0,0.0,0.0,0.0
4498,0.0,0.0,0.0,0.0,0.0,0.0,0.0,0.0,0.0,0.0,0.0,0.0
3089,5.0,3.0,3.0,5.0,4.0,2.0,3.0,5.0,4.0,5.0,3.0,4.0
4496,3.0,1.0,2.0,2.0,2.0,2.0,2.0,3.0,2.0,2.0,2.0,2.0
10348,1.0,0.0,0.0,1.0,1.0,1.0,1.0,1.0,1.0,1.0,1.0,1.0
10349,1.0,0.0,0.0,1.0,1.0,1.0,1.0,1.0,1.0,1.0,1.0,1.0
11466,1.0,1.0,1.0,1.0,1.0,1.0,1.0,1.0,2.0,2.0,1.0,1.0
11467,0.0,1.0,1.0,0.0,1.0,1.0,1.0,0.0,0.0,0.0,1.0,1.0
11468,0.0,1.0,1.0,0.0,1.0,1.0,1.0,0.0,0.0,0.0,1.0,1.0
17882,1.0,0.0,0.0,0.0,0.0,1.0,1.0,0.0,0.0,0.0,0.0,0.0
7746,3.0,3.0,2.0,3.0,4.0,5.0,4.0,3.0,3.0,3.0,4.0,5.0
7744,6.0,5.0,5.0,4.0,6.0,2.0,3.0,5.0,4.0,6.0,3.0,5.0
6614,5.0,1.0,1.0,4.0,4.0,4.0,5.0,4.0,5.0,4.0,4.0,3.0
7741,3.0,4.0,3.0,3.0,4.0,3.0,3.0,3.0,3.0,3.0,3.0,4.0
7743,2.0,1.0,1.0,1.0,1.0,0.0,1.0,1.0,1.0,1.0,0.0,0.0
18217,1.0,0.0,0.0,2.0,1.0,1.0,1.0,2.0,2.0,1.0,2.0,2.0
11472,1.0,0.0,0.0,1.0,0.0,0.0,1.0,1.0,1.0,0.0,0.0,0.0
12346,0.0,3.0,2.0,0.0,3.0,3.0,2.0,0.0,0.0,0.0,3.0,2.0
12344,1.0,0.0,0.0,1.0,1.0,1.0,1.0,0.0,1.0,0.0,1.0,1.0
12345,1.0,0.0,0.0,1.0,1.0,1.0,1.0,0.0,1.0,0.0,1.0,1.0
12343,0.0,3.0,2.0,0.0,3.0,3.0,2.0,0.0,0.0,0.0,3.0,2.0
6221,0.0,0.0,0.0,0.0,0.0,0.0,0.0,0.0,0.0,0.0,0.0,0.0
11473,1.0,0.0,0.0,1.0,0.0,0.0,1.0,1.0,1.0,0.0,0.0,0.0
18940,3.0,0.0,0.0,2.0,2.0,2.0,3.0,3.0,3.0,2.0,2.0,2.0
25230,1.0,0.0,0.0,1.0,1.0,1.0,1.0,1.0,0.0,0.0,1.0,1.0
15536,0.0,0.0,0.0,0.0,0.0,0.0,0.0,0.0,0.0,0.0,0.0,0.0
4499,0.0,0.0,0.0,0.0,0.0,0.0,0.0,0.0,0.0,0.0,0.0,0.0
15537,0.0,0.0,0.0,0.0,0.0,0.0,0.0,0.0,0.0,0.0,0.0,0.0
1177,0.0,0.0,0.0,0.0,0.0,0.0,0.0,0.0,0.0,0.0,0.0,0.0
7730,0.0,1.0,1.0,0.0,0.0,0.0,0.0,0.0,1.0,1.0,0.0,1.0
28642,0.0,1.0,1.0,0.0,1.0,1.0,1.0,0.0,0.0,0.0,1.0,1.0
9885,1.0,0.0,0.0,2.0,1.0,1.0,1.0,2.0,2.0,1.0,1.0,1.0
9882,0.0,1.0,1.0,0.0,1.0,1.0,1.0,0.0,0.0,0.0,1.0,1.0
3947,1.0,0.0,0.0,1.0,0.0,1.0,0.0,0.0,1.0,0.0,0.0,0.0
7729,1.0,0.0,0.0,0.0,0.0,1.0,1.0,1.0,0.0,0.0,0.0,0.0
18529,0.0,0.0,0.0,0.0,0.0,0.0,0.0,0.0,0.0,0.0,0.0,0.0
11843,0.0,0.0,0.0,0.0,0.0,0.0,0.0,0.0,0.0,0.0,0.0,0.0
18925,1.0,1.0,1.0,0.0,1.0,1.0,1.0,1.0,1.0,1.0,1.0,1.0
18926,1.0,1.0,1.0,0.0,1.0,1.0,1.0,1.0,1.0,1.0,1.0,1.0
19735,0.0,0.0,0.0,0.0,0.0,0.0,0.0,0.0,0.0,0.0,0.0,0.0
28633,1.0,0.0,0.0,1.0,0.0,1.0,1.0,1.0,1.0,0.0,0.0,0.0
19734,0.0,0.0,0.0,0.0,0.0,0.0,0.0,0.0,0.0,0.0,0.0,0.0
19736,2.0,2.0,1.0,3.0,2.0,4.0,3.0,2.0,2.0,2.0,3.0,3.0
9075,0.0,0.0,0.0,1.0,0.0,0.0,0.0,0.0,0.0,0.0,0.0,0.0
9077,5.0,1.0,1.0,4.0,3.0,4.0,5.0,4.0,5.0,3.0,4.0,3.0
9076,3.0,0.0,0.0,2.0,1.0,2.0,3.0,3.0,3.0,1.0,2.0,2.0
3966,0.0,0.0,0.0,1.0,0.0,0.0,0.0,1.0,1.0,1.0,0.0,0.0
18508,0.0,1.0,1.0,0.0,1.0,1.0,1.0,0.0,0.0,0.0,1.0,1.0
18509,0.0,1.0,1.0,0.0,1.0,1.0,1.0,0.0,0.0,0.0,1.0,1.0
19701,3.0,2.0,2.0,3.0,2.0,2.0,2.0,3.0,3.0,2.0,2.0,2.0
3960,1.0,0.0,0.0,0.0,1.0,0.0,1.0,1.0,1.0,0.0,0.0,0.0
11425,0.0,0.0,0.0,0.0,0.0,0.0,0.0,0.0,0.0,0.0,0.0,0.0
18263,1.0,0.0,0.0,0.0,1.0,1.0,1.0,1.0,1.0,1.0,1.0,1.0
24532,0.0,0.0,0.0,0.0,0.0,0.0,0.0,0.0,0.0,0.0,0.0,0.0
28690,0.0,0.0,0.0,0.0,0.0,0.0,0.0,0.0,0.0,0.0,0.0,0.0
24936,1.0,0.0,0.0,1.0,0.0,0.0,1.0,1.0,1.0,1.0,1.0,1.0
4842,0.0,0.0,0.0,0.0,0.0,0.0,0.0,0.0,0.0,0.0,0.0,0.0
4460,1.0,0.0,0.0,2.0,1.0,1.0,1.0,2.0,2.0,1.0,1.0,1.0
12164,2.0,0.0,0.0,1.0,1.0,1.0,1.0,2.0,2.0,1.0,1.0,1.0
12163,2.0,0.0,0.0,1.0,1.0,1.0,1.0,2.0,2.0,1.0,1.0,1.0
18252,1.0,0.0,0.0,1.0,1.0,1.0,1.0,1.0,1.0,1.0,1.0,1.0
3958,1.0,0.0,0.0,0.0,1.0,0.0,1.0,1.0,1.0,0.0,0.0,0.0
3959,0.0,1.0,3.0,0.0,0.0,0.0,0.0,0.0,1.0,2.0,1.0,1.0
4048,0.0,0.0,0.0,0.0,0.0,0.0,0.0,0.0,0.0,0.0,0.0,0.0
28681,1.0,0.0,0.0,1.0,1.0,1.0,1.0,1.0,1.0,0.0,1.0,0.0
7774,0.0,0.0,0.0,0.0,0.0,0.0,0.0,0.0,0.0,0.0,0.0,0.0
23352,1.0,0.0,0.0,0.0,1.0,0.0,1.0,1.0,1.0,0.0,0.0,0.0
5517,0.0,0.0,0.0,0.0,0.0,0.0,0.0,0.0,0.0,0.0,0.0,0.0
18248,1.0,0.0,0.0,1.0,1.0,1.0,1.0,1.0,1.0,1.0,1.0,1.0
18247,2.0,0.0,0.0,1.0,1.0,1.0,2.0,2.0,2.0,1.0,1.0,1.0
4052,0.0,1.0,1.0,1.0,1.0,1.0,1.0,1.0,0.0,0.0,1.0,1.0
18245,1.0,0.0,0.0,1.0,1.0,1.0,1.0,1.0,1.0,1.0,1.0,1.0
18244,1.0,1.0,1.0,1.0,1.0,1.0,2.0,1.0,1.0,1.0,1.0,1.0
11806,1.0,2.0,1.0,1.0,1.0,2.0,1.0,1.0,2.0,2.0,1.0,1.0
11804,1.0,2.0,1.0,1.0,1.0,2.0,1.0,1.0,2.0,2.0,1.0,1.0
11805,1.0,2.0,1.0,1.0,1.0,2.0,1.0,1.0,2.0,2.0,1.0,1.0
23347,2.0,1.0,1.0,1.0,2.0,1.0,2.0,1.0,2.0,1.0,1.0,1.0
28670,0.0,2.0,1.0,0.0,1.0,2.0,1.0,0.0,0.0,0.0,1.0,1.0
28674,0.0,0.0,0.0,0.0,0.0,0.0,0.0,0.0,0.0,0.0,0.0,0.0
9081,3.0,0.0,0.0,2.0,1.0,2.0,3.0,3.0,3.0,1.0,2.0,2.0
15515,0.0,0.0,0.0,0.0,0.0,0.0,0.0,0.0,0.0,0.0,0.0,0.0
9080,3.0,0.0,0.0,2.0,1.0,2.0,2.0,3.0,3.0,2.0,1.0,2.0
15516,0.0,0.0,0.0,0.0,0.0,0.0,0.0,0.0,0.0,0.0,0.0,0.0
24520,2.0,0.0,0.0,2.0,1.0,2.0,3.0,2.0,2.0,1.0,2.0,1.0
1108,3.0,0.0,0.0,3.0,2.0,3.0,4.0,4.0,4.0,2.0,3.0,3.0
1106,0.0,0.0,0.0,0.0,0.0,0.0,0.0,0.0,0.0,0.0,0.0,0.0
6699,2.0,4.0,4.0,2.0,4.0,2.0,2.0,2.0,2.0,4.0,2.0,3.0
14026,1.0,1.0,1.0,0.0,1.0,1.0,1.0,1.0,1.0,1.0,1.0,1.0
14025,1.0,1.0,1.0,0.0,1.0,1.0,1.0,1.0,1.0,1.0,1.0,1.0
16285,2.0,0.0,0.0,2.0,1.0,3.0,3.0,2.0,2.0,1.0,2.0,1.0
16286,2.0,3.0,3.0,2.0,3.0,2.0,2.0,2.0,3.0,3.0,2.0,4.0
14022,1.0,1.0,1.0,0.0,1.0,1.0,1.0,1.0,1.0,1.0,1.0,1.0
14024,0.0,2.0,2.0,0.0,1.0,1.0,1.0,0.0,1.0,1.0,1.0,1.0
5174,1.0,0.0,0.0,0.0,1.0,0.0,1.0,1.0,1.0,0.0,0.0,0.0
5176,0.0,0.0,0.0,0.0,0.0,0.0,0.0,0.0,0.0,0.0,0.0,0.0
30100,2.0,0.0,0.0,1.0,1.0,1.0,2.0,1.0,1.0,0.0,0.0,0.0
17405,2.0,1.0,1.0,3.0,2.0,2.0,3.0,2.0,3.0,2.0,2.0,2.0
6696,0.0,1.0,1.0,0.0,0.0,0.0,0.0,0.0,1.0,1.0,0.0,0.0
26765,0.0,0.0,0.0,0.0,0.0,0.0,0.0,0.0,0.0,0.0,0.0,0.0
26989,0.0,0.0,0.0,1.0,0.0,0.0,0.0,0.0,1.0,0.0,0.0,0.0
26984,0.0,0.0,0.0,0.0,0.0,0.0,0.0,0.0,0.0,0.0,0.0,0.0
26990,0.0,0.0,0.0,1.0,0.0,0.0,0.0,0.0,1.0,0.0,0.0,0.0
5144,1.0,0.0,0.0,0.0,0.0,1.0,0.0,0.0,0.0,0.0,0.0,0.0
5145,0.0,1.0,1.0,0.0,0.0,0.0,0.0,0.0,0.0,0.0,0.0,0.0
12176,0.0,0.0,0.0,0.0,0.0,0.0,0.0,0.0,0.0,0.0,0.0,0.0
12175,0.0,0.0,0.0,0.0,0.0,0.0,0.0,0.0,0.0,0.0,0.0,0.0
12174,1.0,0.0,0.0,1.0,0.0,1.0,0.0,0.0,0.0,0.0,1.0,1.0
4428,0.0,0.0,0.0,0.0,0.0,0.0,0.0,0.0,0.0,0.0,0.0,0.0
12173,0.0,1.0,1.0,0.0,1.0,1.0,1.0,0.0,0.0,0.0,1.0,1.0
12179,0.0,0.0,0.0,0.0,0.0,0.0,0.0,0.0,0.0,0.0,0.0,0.0
4432,2.0,0.0,0.0,1.0,1.0,1.0,2.0,2.0,2.0,1.0,1.0,0.0
22718,0.0,0.0,0.0,0.0,0.0,0.0,0.0,0.0,0.0,0.0,0.0,0.0
26739,0.0,0.0,0.0,0.0,0.0,0.0,0.0,0.0,0.0,0.0,0.0,0.0
5962,0.0,0.0,0.0,0.0,0.0,0.0,0.0,0.0,0.0,0.0,0.0,0.0
1119,1.0,0.0,0.0,1.0,0.0,1.0,1.0,1.0,1.0,1.0,1.0,1.0
17147,1.0,0.0,0.0,1.0,0.0,0.0,0.0,1.0,1.0,1.0,0.0,0.0
4434,2.0,3.0,5.0,3.0,1.0,1.0,0.0,2.0,2.0,4.0,1.0,2.0
4433,2.0,0.0,0.0,1.0,1.0,1.0,1.0,2.0,1.0,1.0,1.0,1.0
6672,1.0,1.0,1.0,0.0,1.0,1.0,1.0,1.0,1.0,1.0,1.0,1.0
1120,2.0,1.0,2.0,3.0,2.0,1.0,1.0,3.0,2.0,2.0,1.0,2.0
26793,2.0,0.0,0.0,1.0,1.0,1.0,2.0,2.0,2.0,1.0,1.0,1.0
26792,2.0,0.0,0.0,1.0,1.0,1.0,2.0,2.0,2.0,1.0,1.0,0.0
26791,2.0,0.0,0.0,1.0,1.0,1.0,2.0,2.0,2.0,1.0,1.0,1.0
26790,2.0,0.0,0.0,1.0,1.0,1.0,2.0,2.0,2.0,1.0,1.0,0.0
5994,0.0,2.0,1.0,0.0,1.0,2.0,1.0,0.0,0.0,0.0,1.0,1.0
384,3.0,2.0,1.0,2.0,2.0,3.0,3.0,2.0,2.0,2.0,2.0,2.0
381,3.0,2.0,1.0,2.0,2.0,3.0,3.0,2.0,2.0,2.0,2.0,2.0
382,0.0,6.0,6.0,0.0,4.0,1.0,1.0,0.0,3.0,6.0,2.0,3.0
30139,2.0,0.0,0.0,1.0,2.0,2.0,2.0,2.0,2.0,1.0,1.0,1.0
8774,0.0,0.0,0.0,0.0,0.0,0.0,0.0,0.0,0.0,0.0,0.0,0.0
5984,0.0,2.0,1.0,0.0,1.0,2.0,1.0,0.0,0.0,0.0,1.0,1.0
5985,0.0,0.0,0.0,0.0,0.0,0.0,0.0,0.0,0.0,0.0,0.0,0.0
17451,0.0,0.0,0.0,0.0,0.0,0.0,0.0,0.0,0.0,0.0,0.0,0.0
17450,0.0,0.0,0.0,0.0,0.0,0.0,0.0,0.0,0.0,0.0,0.0,0.0
1138,1.0,0.0,0.0,1.0,0.0,1.0,1.0,1.0,0.0,0.0,1.0,1.0
17447,1.0,0.0,0.0,0.0,0.0,1.0,0.0,1.0,0.0,0.0,0.0,0.0
17446,1.0,0.0,0.0,0.0,0.0,1.0,0.0,1.0,0.0,0.0,0.0,0.0
30146,1.0,0.0,0.0,0.0,0.0,0.0,0.0,0.0,0.0,0.0,0.0,0.0
17448,1.0,0.0,0.0,0.0,0.0,1.0,0.0,1.0,0.0,0.0,0.0,0.0
15196,0.0,1.0,1.0,1.0,1.0,1.0,1.0,0.0,0.0,0.0,1.0,1.0
18981,1.0,0.0,0.0,1.0,1.0,1.0,1.0,1.0,1.0,1.0,1.0,1.0
18982,1.0,0.0,0.0,1.0,1.0,1.0,1.0,1.0,1.0,1.0,1.0,1.0
7311,3.0,4.0,5.0,3.0,3.0,1.0,1.0,2.0,3.0,5.0,2.0,3.0
18983,1.0,0.0,0.0,1.0,0.0,1.0,0.0,0.0,0.0,0.0,0.0,0.0
7305,3.0,3.0,4.0,3.0,2.0,1.0,1.0,3.0,3.0,4.0,2.0,3.0
17857,3.0,4.0,4.0,3.0,5.0,3.0,3.0,3.0,4.0,5.0,3.0,5.0
8788,1.0,0.0,0.0,1.0,1.0,0.0,1.0,0.0,1.0,0.0,1.0,1.0
28229,1.0,0.0,0.0,1.0,1.0,1.0,1.0,1.0,1.0,0.0,1.0,0.0
1140,0.0,2.0,2.0,0.0,1.0,1.0,1.0,0.0,1.0,1.0,1.0,1.0
29340,0.0,0.0,0.0,0.0,0.0,0.0,0.0,0.0,0.0,0.0,0.0,0.0
17444,0.0,1.0,1.0,0.0,0.0,0.0,0.0,0.0,1.0,1.0,0.0,0.0
17445,1.0,0.0,0.0,0.0,0.0,1.0,0.0,1.0,0.0,0.0,0.0,0.0
6635,0.0,3.0,2.0,0.0,3.0,3.0,2.0,0.0,0.0,0.0,3.0,2.0
15588,2.0,0.0,0.0,1.0,1.0,2.0,2.0,1.0,1.0,1.0,1.0,1.0
10704,0.0,1.0,1.0,0.0,0.0,0.0,0.0,0.0,1.0,1.0,0.0,1.0
14976,2.0,2.0,1.0,2.0,2.0,3.0,2.0,2.0,2.0,2.0,2.0,2.0
6634,0.0,4.0,3.0,0.0,2.0,2.0,2.0,0.0,0.0,1.0,2.0,2.0
14978,2.0,2.0,1.0,2.0,2.0,3.0,2.0,2.0,2.0,2.0,2.0,2.0
26776,1.0,0.0,0.0,0.0,0.0,0.0,0.0,1.0,0.0,0.0,0.0,0.0
11893,2.0,0.0,0.0,1.0,1.0,1.0,2.0,1.0,1.0,1.0,0.0,0.0
1176,0.0,0.0,0.0,0.0,0.0,0.0,0.0,0.0,0.0,0.0,0.0,0.0
11895,1.0,2.0,4.0,0.0,0.0,0.0,0.0,0.0,2.0,3.0,1.0,2.0
11896,0.0,0.0,0.0,0.0,0.0,0.0,0.0,0.0,0.0,0.0,0.0,0.0
25250,1.0,0.0,0.0,0.0,0.0,1.0,1.0,1.0,0.0,0.0,0.0,0.0
17429,0.0,0.0,0.0,0.0,0.0,0.0,0.0,0.0,0.0,0.0,0.0,0.0
15598,1.0,0.0,0.0,0.0,0.0,0.0,0.0,0.0,0.0,0.0,0.0,0.0
15176,0.0,0.0,0.0,0.0,0.0,0.0,0.0,0.0,0.0,0.0,0.0,0.0
5996,2.0,1.0,3.0,1.0,1.0,0.0,1.0,2.0,1.0,2.0,1.0,1.0
22767,0.0,0.0,0.0,0.0,0.0,0.0,0.0,0.0,0.0,0.0,0.0,0.0
22768,0.0,0.0,0.0,0.0,0.0,0.0,0.0,0.0,0.0,0.0,0.0,0.0
14035,0.0,0.0,0.0,0.0,0.0,0.0,0.0,0.0,0.0,0.0,0.0,0.0
1165,0.0,1.0,1.0,0.0,1.0,1.0,1.0,0.0,0.0,0.0,1.0,1.0
2008,0.0,0.0,0.0,0.0,0.0,0.0,0.0,0.0,0.0,0.0,0.0,0.0
21439,0.0,0.0,0.0,0.0,0.0,0.0,0.0,0.0,0.0,0.0,0.0,0.0
24271,1.0,0.0,0.0,1.0,0.0,0.0,1.0,1.0,1.0,1.0,1.0,1.0
14780,0.0,0.0,0.0,0.0,0.0,0.0,0.0,0.0,0.0,0.0,0.0,0.0
27890,0.0,1.0,1.0,0.0,1.0,1.0,1.0,0.0,0.0,0.0,1.0,1.0
12995,2.0,0.0,0.0,1.0,1.0,2.0,2.0,1.0,0.0,0.0,1.0,1.0
12993,1.0,2.0,1.0,0.0,2.0,2.0,2.0,1.0,1.0,1.0,2.0,1.0
15011,1.0,1.0,1.0,1.0,1.0,1.0,1.0,1.0,2.0,2.0,1.0,1.0
28946,0.0,0.0,0.0,0.0,0.0,0.0,0.0,0.0,0.0,0.0,0.0,0.0
8875,0.0,0.0,0.0,0.0,0.0,1.0,0.0,0.0,0.0,0.0,0.0,0.0
8876,0.0,1.0,1.0,0.0,0.0,0.0,0.0,0.0,0.0,0.0,0.0,0.0
200,0.0,0.0,0.0,0.0,0.0,0.0,0.0,0.0,0.0,0.0,0.0,0.0
28117,1.0,0.0,0.0,1.0,1.0,1.0,1.0,1.0,0.0,0.0,1.0,1.0
8874,1.0,0.0,0.0,0.0,0.0,1.0,1.0,0.0,0.0,0.0,0.0,0.0
20789,1.0,0.0,0.0,0.0,1.0,0.0,1.0,1.0,1.0,0.0,0.0,0.0
8314,1.0,1.0,1.0,2.0,1.0,1.0,2.0,2.0,2.0,2.0,2.0,2.0
8315,1.0,1.0,1.0,2.0,1.0,1.0,2.0,2.0,2.0,2.0,2.0,2.0
10623,3.0,0.0,0.0,2.0,2.0,2.0,4.0,3.0,4.0,2.0,3.0,2.0
10622,7.0,2.0,3.0,5.0,5.0,3.0,4.0,5.0,4.0,4.0,3.0,3.0
23787,1.0,0.0,1.0,1.0,0.0,0.0,0.0,0.0,1.0,1.0,0.0,0.0
8862,4.0,2.0,3.0,3.0,3.0,2.0,2.0,3.0,3.0,4.0,2.0,3.0
24295,0.0,0.0,0.0,0.0,0.0,0.0,0.0,0.0,0.0,0.0,0.0,0.0
7228,2.0,0.0,0.0,1.0,1.0,1.0,1.0,1.0,1.0,1.0,1.0,1.0
7227,1.0,0.0,0.0,1.0,1.0,1.0,1.0,2.0,1.0,1.0,1.0,1.0
24294,0.0,0.0,0.0,0.0,0.0,0.0,0.0,0.0,0.0,0.0,0.0,0.0
24293,0.0,0.0,0.0,0.0,0.0,0.0,0.0,0.0,0.0,0.0,0.0,0.0
28914,0.0,0.0,0.0,0.0,0.0,0.0,0.0,0.0,0.0,0.0,0.0,0.0
219,0.0,2.0,1.0,0.0,1.0,2.0,1.0,0.0,0.0,0.0,1.0,1.0
28916,0.0,0.0,0.0,0.0,0.0,0.0,0.0,0.0,0.0,0.0,0.0,0.0
24290,0.0,0.0,0.0,1.0,0.0,0.0,0.0,1.0,1.0,1.0,1.0,1.0
14765,0.0,0.0,0.0,0.0,0.0,0.0,0.0,0.0,0.0,0.0,0.0,0.0
7234,0.0,0.0,0.0,0.0,0.0,0.0,0.0,0.0,0.0,0.0,0.0,0.0
12979,5.0,2.0,2.0,5.0,3.0,2.0,3.0,5.0,4.0,4.0,3.0,3.0
27460,0.0,0.0,0.0,0.0,0.0,0.0,0.0,0.0,0.0,0.0,0.0,0.0
7236,2.0,0.0,0.0,1.0,1.0,1.0,1.0,1.0,1.0,1.0,1.0,1.0
12977,2.0,1.0,2.0,2.0,2.0,1.0,2.0,2.0,2.0,2.0,1.0,2.0
7237,1.0,2.0,2.0,1.0,1.0,1.0,1.0,1.0,1.0,2.0,1.0,2.0
24299,0.0,0.0,0.0,0.0,0.0,0.0,0.0,0.0,0.0,0.0,0.0,0.0
7230,1.0,3.0,3.0,1.0,2.0,1.0,1.0,2.0,2.0,2.0,1.0,2.0
220,0.0,2.0,1.0,0.0,1.0,2.0,1.0,0.0,0.0,0.0,1.0,1.0
8853,0.0,0.0,0.0,0.0,0.0,0.0,0.0,0.0,0.0,0.0,0.0,0.0
28921,0.0,0.0,0.0,1.0,0.0,0.0,0.0,1.0,0.0,0.0,0.0,0.0
8851,0.0,0.0,0.0,0.0,0.0,0.0,0.0,0.0,0.0,0.0,0.0,0.0
8852,0.0,0.0,0.0,0.0,0.0,0.0,0.0,0.0,0.0,0.0,0.0,0.0
224,0.0,2.0,1.0,0.0,1.0,2.0,1.0,0.0,0.0,0.0,1.0,1.0
20350,0.0,0.0,0.0,0.0,0.0,0.0,0.0,0.0,0.0,0.0,0.0,0.0
12983,3.0,3.0,2.0,4.0,3.0,5.0,4.0,3.0,3.0,3.0,4.0,5.0
12987,0.0,0.0,0.0,0.0,0.0,0.0,0.0,0.0,0.0,0.0,0.0,0.0
27470,1.0,0.0,0.0,1.0,0.0,1.0,0.0,0.0,0.0,0.0,1.0,1.0
27472,1.0,0.0,0.0,1.0,0.0,1.0,0.0,0.0,0.0,0.0,0.0,0.0
7221,1.0,0.0,0.0,1.0,1.0,1.0,1.0,2.0,1.0,1.0,1.0,1.0
2001,1.0,3.0,2.0,1.0,2.0,3.0,2.0,1.0,1.0,1.0,2.0,2.0
2000,1.0,3.0,2.0,1.0,2.0,3.0,2.0,1.0,1.0,1.0,2.0,2.0
8835,1.0,0.0,0.0,0.0,0.0,0.0,1.0,1.0,1.0,0.0,0.0,0.0
8836,1.0,0.0,0.0,0.0,0.0,0.0,1.0,1.0,1.0,0.0,0.0,0.0
8360,0.0,0.0,0.0,0.0,0.0,0.0,0.0,0.0,0.0,0.0,0.0,0.0
26030,1.0,1.0,1.0,1.0,0.0,0.0,0.0,1.0,1.0,1.0,1.0,1.0
27853,0.0,0.0,0.0,0.0,0.0,0.0,0.0,0.0,0.0,0.0,0.0,0.0
13284,0.0,0.0,0.0,0.0,0.0,0.0,0.0,0.0,0.0,0.0,0.0,0.0
13285,4.0,1.0,1.0,4.0,3.0,4.0,4.0,4.0,4.0,3.0,5.0,4.0
5926,0.0,0.0,0.0,0.0,0.0,0.0,0.0,0.0,0.0,0.0,0.0,0.0
13280,2.0,0.0,0.0,2.0,1.0,3.0,3.0,2.0,2.0,1.0,2.0,1.0
5924,0.0,0.0,0.0,0.0,0.0,0.0,0.0,0.0,0.0,0.0,0.0,0.0
5925,0.0,0.0,0.0,0.0,0.0,0.0,0.0,0.0,0.0,0.0,0.0,0.0
28987,2.0,2.0,1.0,2.0,2.0,3.0,2.0,2.0,2.0,2.0,2.0,2.0
28986,2.0,2.0,1.0,2.0,2.0,3.0,2.0,2.0,2.0,2.0,2.0,2.0
25887,0.0,0.0,0.0,0.0,0.0,0.0,0.0,0.0,0.0,0.0,0.0,0.0
9483,4.0,1.0,1.0,4.0,3.0,3.0,4.0,4.0,6.0,4.0,4.0,3.0
23743,1.0,0.0,0.0,1.0,1.0,1.0,1.0,1.0,0.0,0.0,1.0,1.0
8357,0.0,0.0,0.0,0.0,0.0,0.0,0.0,0.0,0.0,0.0,0.0,0.0
8356,0.0,0.0,0.0,0.0,0.0,0.0,0.0,0.0,0.0,0.0,0.0,0.0
27042,0.0,0.0,0.0,0.0,0.0,0.0,0.0,0.0,0.0,0.0,0.0,0.0
26019,4.0,1.0,1.0,4.0,3.0,4.0,4.0,4.0,3.0,3.0,4.0,3.0
27424,1.0,0.0,0.0,0.0,0.0,0.0,0.0,1.0,1.0,0.0,0.0,0.0
27423,0.0,0.0,0.0,0.0,0.0,0.0,0.0,0.0,0.0,0.0,0.0,0.0
6994,0.0,0.0,0.0,0.0,0.0,0.0,0.0,0.0,0.0,0.0,0.0,0.0
27421,3.0,0.0,0.0,4.0,2.0,4.0,4.0,3.0,4.0,2.0,3.0,2.0
10632,0.0,0.0,0.0,0.0,0.0,0.0,0.0,0.0,0.0,0.0,0.0,0.0
7271,0.0,2.0,2.0,0.0,1.0,1.0,0.0,0.0,1.0,1.0,1.0,1.0
27830,1.0,1.0,1.0,1.0,1.0,1.0,1.0,1.0,1.0,1.0,1.0,1.0
28182,2.0,0.0,0.0,2.0,1.0,2.0,3.0,2.0,2.0,1.0,1.0,1.0
28183,1.0,0.0,0.0,1.0,0.0,1.0,0.0,1.0,0.0,0.0,0.0,0.0
26952,3.0,0.0,0.0,2.0,1.0,2.0,3.0,3.0,3.0,1.0,2.0,2.0
16512,0.0,0.0,0.0,0.0,0.0,0.0,0.0,0.0,0.0,0.0,0.0,0.0
16511,0.0,0.0,0.0,0.0,0.0,0.0,0.0,0.0,0.0,0.0,0.0,0.0
16513,0.0,0.0,0.0,0.0,0.0,0.0,0.0,0.0,0.0,0.0,0.0,0.0
5000,0.0,0.0,0.0,0.0,0.0,0.0,0.0,0.0,0.0,0.0,0.0,0.0
8805,0.0,0.0,1.0,0.0,0.0,0.0,0.0,0.0,0.0,0.0,0.0,0.0
16510,0.0,0.0,0.0,0.0,0.0,0.0,0.0,0.0,0.0,0.0,0.0,0.0
5001,0.0,0.0,0.0,0.0,0.0,0.0,0.0,0.0,0.0,0.0,0.0,0.0
20393,0.0,2.0,1.0,0.0,1.0,2.0,1.0,0.0,0.0,0.0,1.0,1.0
20392,0.0,2.0,1.0,0.0,1.0,2.0,1.0,0.0,0.0,0.0,1.0,1.0
27825,0.0,0.0,0.0,0.0,0.0,0.0,0.0,0.0,0.0,0.0,0.0,0.0
8331,0.0,0.0,0.0,0.0,0.0,0.0,0.0,0.0,0.0,0.0,0.0,0.0
16541,4.0,1.0,1.0,4.0,3.0,5.0,5.0,5.0,4.0,3.0,5.0,4.0
12912,0.0,0.0,0.0,0.0,0.0,0.0,0.0,0.0,0.0,0.0,0.0,0.0
12911,0.0,0.0,0.0,0.0,0.0,0.0,0.0,0.0,0.0,0.0,0.0,0.0
29654,1.0,0.0,0.0,0.0,0.0,0.0,1.0,1.0,1.0,0.0,0.0,0.0
16544,0.0,0.0,0.0,0.0,0.0,0.0,0.0,0.0,0.0,0.0,0.0,0.0
20304,2.0,1.0,1.0,1.0,2.0,1.0,2.0,1.0,1.0,1.0,2.0,1.0
20303,2.0,0.0,0.0,2.0,1.0,2.0,2.0,2.0,1.0,1.0,1.0,1.0
27408,1.0,0.0,0.0,1.0,0.0,0.0,0.0,1.0,1.0,1.0,1.0,1.0
12525,1.0,0.0,0.0,1.0,0.0,1.0,0.0,1.0,1.0,0.0,0.0,0.0
11291,1.0,0.0,0.0,1.0,0.0,0.0,0.0,1.0,1.0,1.0,0.0,0.0
3156,1.0,0.0,0.0,0.0,1.0,1.0,1.0,1.0,1.0,0.0,0.0,0.0
680,0.0,0.0,0.0,0.0,0.0,0.0,0.0,0.0,0.0,0.0,0.0,0.0
3153,1.0,0.0,0.0,0.0,1.0,1.0,1.0,1.0,1.0,0.0,0.0,0.0
12528,0.0,0.0,0.0,0.0,0.0,0.0,0.0,0.0,0.0,0.0,0.0,0.0
10153,0.0,2.0,2.0,0.0,1.0,1.0,1.0,0.0,1.0,1.0,1.0,1.0
23705,1.0,0.0,0.0,0.0,0.0,1.0,0.0,1.0,0.0,0.0,0.0,0.0
7280,2.0,0.0,0.0,2.0,1.0,3.0,3.0,2.0,2.0,1.0,2.0,2.0
6151,0.0,0.0,0.0,0.0,0.0,0.0,0.0,0.0,0.0,0.0,0.0,0.0
672,0.0,0.0,0.0,0.0,0.0,0.0,0.0,0.0,0.0,0.0,0.0,0.0
671,0.0,0.0,0.0,0.0,0.0,0.0,0.0,0.0,0.0,0.0,0.0,0.0
6154,2.0,0.0,0.0,1.0,1.0,1.0,1.0,2.0,2.0,1.0,1.0,1.0
7286,1.0,0.0,0.0,1.0,0.0,1.0,0.0,1.0,1.0,0.0,1.0,1.0
24315,1.0,0.0,0.0,0.0,0.0,0.0,0.0,0.0,0.0,0.0,0.0,0.0
8391,3.0,0.0,0.0,2.0,1.0,2.0,2.0,3.0,3.0,2.0,1.0,2.0
7288,1.0,1.0,1.0,0.0,1.0,1.0,1.0,1.0,1.0,1.0,1.0,1.0
16531,0.0,0.0,0.0,0.0,0.0,0.0,0.0,0.0,0.0,0.0,0.0,0.0
679,0.0,0.0,0.0,0.0,0.0,0.0,0.0,0.0,0.0,0.0,0.0,0.0
12922,0.0,0.0,0.0,0.0,0.0,0.0,0.0,0.0,0.0,0.0,0.0,0.0
6149,0.0,0.0,0.0,0.0,0.0,0.0,0.0,0.0,0.0,0.0,0.0,0.0
12511,0.0,1.0,1.0,0.0,0.0,0.0,0.0,0.0,1.0,1.0,0.0,0.0
16537,0.0,0.0,0.0,0.0,0.0,0.0,0.0,0.0,0.0,0.0,0.0,0.0
13243,0.0,1.0,1.0,1.0,1.0,1.0,1.0,1.0,1.0,1.0,1.0,1.0
670,0.0,0.0,0.0,0.0,0.0,0.0,0.0,0.0,0.0,0.0,0.0,0.0
6184,0.0,2.0,2.0,0.0,2.0,1.0,1.0,0.0,1.0,1.0,1.0,2.0
3125,1.0,0.0,0.0,1.0,1.0,1.0,1.0,1.0,1.0,1.0,0.0,0.0
2623,4.0,1.0,2.0,3.0,3.0,2.0,3.0,3.0,3.0,3.0,2.0,2.0
8384,2.0,0.0,0.0,1.0,1.0,1.0,1.0,2.0,2.0,1.0,1.0,1.0
24343,1.0,0.0,0.0,1.0,0.0,0.0,0.0,1.0,1.0,1.0,0.0,0.0
6185,0.0,0.0,0.0,0.0,0.0,0.0,0.0,0.0,0.0,0.0,0.0,0.0
29670,1.0,0.0,0.0,1.0,1.0,1.0,1.0,1.0,1.0,1.0,1.0,1.0
3512,1.0,0.0,0.0,0.0,0.0,0.0,0.0,1.0,1.0,1.0,0.0,0.0
3511,1.0,0.0,0.0,0.0,0.0,0.0,0.0,1.0,1.0,1.0,0.0,0.0
9910,3.0,2.0,2.0,3.0,3.0,3.0,3.0,3.0,4.0,3.0,3.0,4.0
4803,0.0,4.0,3.0,0.0,4.0,4.0,3.0,0.0,0.0,0.0,4.0,4.0
23324,0.0,0.0,0.0,0.0,0.0,0.0,0.0,0.0,0.0,0.0,0.0,0.0
4804,0.0,4.0,3.0,0.0,4.0,4.0,3.0,0.0,0.0,0.0,4.0,4.0
23325,0.0,0.0,0.0,0.0,0.0,0.0,0.0,0.0,0.0,0.0,0.0,0.0
12508,1.0,0.0,0.0,0.0,0.0,0.0,0.0,0.0,1.0,0.0,0.0,0.0
23323,0.0,0.0,0.0,0.0,0.0,0.0,0.0,0.0,0.0,0.0,0.0,0.0
21496,0.0,0.0,0.0,0.0,0.0,0.0,0.0,0.0,0.0,0.0,0.0,0.0
10183,0.0,0.0,0.0,0.0,0.0,0.0,0.0,0.0,0.0,0.0,0.0,0.0
13226,0.0,0.0,0.0,0.0,0.0,0.0,0.0,0.0,0.0,0.0,0.0,0.0
8371,2.0,1.0,1.0,1.0,2.0,1.0,1.0,1.0,1.0,1.0,1.0,1.0
12905,0.0,0.0,0.0,0.0,0.0,0.0,0.0,0.0,0.0,0.0,0.0,0.0
16557,0.0,0.0,0.0,0.0,0.0,0.0,0.0,0.0,0.0,0.0,0.0,0.0
3526,0.0,0.0,0.0,0.0,0.0,0.0,0.0,0.0,0.0,0.0,0.0,0.0
23335,0.0,1.0,1.0,0.0,1.0,1.0,1.0,0.0,0.0,0.0,1.0,1.0
16581,0.0,0.0,0.0,0.0,0.0,0.0,0.0,0.0,0.0,0.0,0.0,0.0
2608,2.0,1.0,1.0,2.0,2.0,1.0,1.0,1.0,2.0,2.0,1.0,1.0
16582,0.0,0.0,0.0,0.0,0.0,0.0,0.0,0.0,0.0,0.0,0.0,0.0
12561,2.0,1.0,1.0,2.0,1.0,1.0,1.0,2.0,2.0,2.0,2.0,2.0
6123,0.0,0.0,0.0,0.0,0.0,0.0,0.0,0.0,0.0,0.0,0.0,0.0
2607,0.0,0.0,0.0,0.0,0.0,0.0,0.0,0.0,0.0,0.0,0.0,0.0
6124,0.0,0.0,0.0,0.0,0.0,0.0,0.0,0.0,0.0,0.0,0.0,0.0
6125,0.0,0.0,0.0,0.0,0.0,0.0,0.0,0.0,0.0,0.0,0.0,0.0
9410,4.0,2.0,1.0,5.0,3.0,5.0,5.0,4.0,6.0,4.0,5.0,5.0
10190,3.0,1.0,1.0,2.0,2.0,2.0,2.0,3.0,2.0,2.0,2.0,2.0
9406,4.0,2.0,1.0,5.0,3.0,5.0,5.0,4.0,6.0,4.0,5.0,5.0
12302,0.0,0.0,0.0,0.0,0.0,0.0,0.0,0.0,0.0,0.0,0.0,0.0
3197,5.0,2.0,1.0,5.0,4.0,6.0,6.0,6.0,4.0,3.0,6.0,5.0
9408,4.0,3.0,3.0,5.0,3.0,2.0,2.0,4.0,3.0,4.0,3.0,3.0
9409,8.0,3.0,3.0,9.0,5.0,6.0,6.0,10.0,6.0,5.0,5.0,4.0
20344,0.0,0.0,0.0,0.0,0.0,0.0,0.0,0.0,0.0,0.0,0.0,0.0
12563,1.0,0.0,0.0,2.0,1.0,1.0,1.0,2.0,2.0,1.0,1.0,1.0
12306,0.0,0.0,0.0,0.0,0.0,0.0,0.0,0.0,0.0,0.0,0.0,0.0
12308,0.0,1.0,1.0,0.0,1.0,1.0,1.0,0.0,0.0,0.0,1.0,1.0
9958,0.0,0.0,0.0,0.0,0.0,0.0,0.0,0.0,0.0,0.0,0.0,0.0
21871,0.0,0.0,0.0,0.0,0.0,0.0,0.0,0.0,0.0,0.0,0.0,0.0
12550,4.0,0.0,0.0,3.0,2.0,4.0,6.0,4.0,5.0,2.0,4.0,1.0
2618,4.0,1.0,1.0,4.0,3.0,3.0,4.0,4.0,4.0,3.0,3.0,2.0
2611,0.0,0.0,0.0,0.0,0.0,0.0,0.0,0.0,0.0,0.0,0.0,0.0
2612,0.0,0.0,0.0,0.0,0.0,0.0,0.0,0.0,0.0,0.0,0.0,0.0
9400,2.0,4.0,4.0,2.0,3.0,2.0,2.0,2.0,3.0,4.0,2.0,3.0
2613,0.0,0.0,0.0,0.0,0.0,0.0,0.0,0.0,0.0,0.0,0.0,0.0
2614,0.0,0.0,0.0,0.0,0.0,0.0,0.0,0.0,0.0,0.0,0.0,0.0
9010,0.0,1.0,2.0,0.0,1.0,1.0,1.0,0.0,1.0,1.0,1.0,1.0
9014,2.0,1.0,1.0,2.0,2.0,2.0,2.0,2.0,2.0,2.0,2.0,2.0
6105,2.0,0.0,0.0,2.0,1.0,2.0,2.0,2.0,2.0,1.0,2.0,2.0
29605,0.0,0.0,0.0,0.0,0.0,0.0,0.0,0.0,0.0,0.0,0.0,0.0
14344,2.0,0.0,0.0,2.0,1.0,2.0,2.0,2.0,1.0,1.0,2.0,1.0
3169,1.0,1.0,1.0,2.0,1.0,1.0,1.0,2.0,2.0,2.0,1.0,2.0
3168,0.0,0.0,0.0,0.0,0.0,0.0,0.0,0.0,0.0,0.0,0.0,0.0
19674,0.0,0.0,0.0,0.0,0.0,0.0,0.0,0.0,0.0,0.0,0.0,0.0
12549,1.0,0.0,0.0,1.0,1.0,1.0,1.0,1.0,1.0,1.0,1.0,1.0
3172,0.0,0.0,0.0,0.0,0.0,0.0,0.0,0.0,0.0,0.0,0.0,0.0
24381,0.0,0.0,0.0,0.0,0.0,0.0,0.0,0.0,0.0,0.0,0.0,0.0
18690,1.0,0.0,0.0,0.0,1.0,1.0,1.0,1.0,1.0,0.0,0.0,0.0
29639,0.0,0.0,0.0,0.0,0.0,0.0,0.0,0.0,0.0,0.0,0.0,0.0
24380,0.0,0.0,0.0,0.0,0.0,0.0,0.0,0.0,0.0,0.0,0.0,0.0
3170,2.0,3.0,2.0,2.0,3.0,3.0,2.0,2.0,2.0,2.0,3.0,3.0
2041,0.0,0.0,0.0,0.0,0.0,0.0,0.0,0.0,0.0,0.0,0.0,0.0
29620,3.0,2.0,1.0,2.0,3.0,3.0,3.0,3.0,2.0,2.0,3.0,2.0
2044,0.0,0.0,0.0,0.0,0.0,0.0,0.0,0.0,0.0,0.0,0.0,0.0
2045,1.0,0.0,0.0,1.0,1.0,1.0,1.0,1.0,1.0,1.0,1.0,1.0
2042,0.0,0.0,0.0,0.0,0.0,0.0,0.0,0.0,0.0,0.0,0.0,0.0
2043,0.0,0.0,0.0,0.0,0.0,0.0,0.0,0.0,0.0,0.0,0.0,0.0
3158,1.0,0.0,0.0,0.0,1.0,1.0,1.0,1.0,1.0,0.0,0.0,0.0
3160,1.0,0.0,0.0,0.0,1.0,1.0,1.0,1.0,1.0,0.0,0.0,0.0
20311,1.0,0.0,0.0,1.0,0.0,0.0,0.0,1.0,1.0,1.0,1.0,1.0
3165,3.0,2.0,1.0,2.0,3.0,3.0,3.0,3.0,2.0,2.0,3.0,2.0
3167,0.0,1.0,1.0,1.0,1.0,1.0,1.0,1.0,1.0,1.0,1.0,1.0
9943,1.0,0.0,0.0,0.0,0.0,1.0,0.0,1.0,0.0,0.0,0.0,0.0
12218,1.0,1.0,2.0,0.0,0.0,0.0,0.0,0.0,1.0,1.0,0.0,1.0
28526,0.0,0.0,0.0,0.0,0.0,0.0,0.0,0.0,0.0,0.0,0.0,0.0
1971,3.0,3.0,3.0,3.0,3.0,3.0,3.0,3.0,3.0,3.0,3.0,4.0
1973,6.0,3.0,3.0,4.0,5.0,4.0,5.0,5.0,4.0,5.0,4.0,3.0
19608,1.0,0.0,0.0,1.0,1.0,0.0,1.0,1.0,1.0,1.0,1.0,1.0
19607,1.0,0.0,0.0,1.0,1.0,0.0,1.0,1.0,1.0,1.0,1.0,1.0
22136,0.0,0.0,0.0,0.0,0.0,0.0,0.0,0.0,0.0,0.0,0.0,0.0
11325,2.0,0.0,0.0,2.0,1.0,2.0,2.0,2.0,2.0,1.0,2.0,2.0
18630,0.0,0.0,0.0,0.0,0.0,0.0,0.0,0.0,0.0,0.0,0.0,0.0
18631,1.0,1.0,2.0,0.0,1.0,0.0,0.0,1.0,1.0,1.0,0.0,0.0
18632,1.0,2.0,3.0,0.0,0.0,0.0,0.0,1.0,1.0,2.0,1.0,1.0
1990,0.0,2.0,3.0,0.0,1.0,0.0,0.0,0.0,1.0,2.0,1.0,1.0
23262,1.0,0.0,0.0,1.0,1.0,1.0,1.0,1.0,1.0,1.0,1.0,1.0
1985,2.0,1.0,1.0,2.0,1.0,1.0,1.0,2.0,2.0,1.0,1.0,2.0
1988,5.0,1.0,1.0,4.0,3.0,4.0,5.0,4.0,5.0,3.0,4.0,3.0
17992,1.0,1.0,1.0,1.0,1.0,1.0,2.0,1.0,1.0,1.0,1.0,1.0
17993,1.0,1.0,1.0,1.0,1.0,1.0,2.0,1.0,1.0,1.0,1.0,1.0
12456,1.0,0.0,0.0,0.0,0.0,0.0,0.0,0.0,1.0,0.0,0.0,0.0
9981,1.0,1.0,1.0,1.0,1.0,1.0,2.0,1.0,1.0,1.0,1.0,2.0
9980,1.0,1.0,1.0,1.0,1.0,1.0,2.0,1.0,1.0,1.0,1.0,2.0
22151,0.0,0.0,0.0,0.0,0.0,0.0,0.0,0.0,0.0,0.0,0.0,0.0
9985,0.0,1.0,1.0,0.0,0.0,0.0,0.0,0.0,0.0,0.0,0.0,0.0
1453,0.0,1.0,1.0,1.0,1.0,1.0,1.0,1.0,0.0,0.0,1.0,1.0
4776,0.0,0.0,0.0,0.0,0.0,0.0,0.0,0.0,0.0,0.0,0.0,0.0
9984,0.0,0.0,0.0,0.0,0.0,1.0,0.0,0.0,0.0,0.0,0.0,0.0
4774,0.0,0.0,0.0,0.0,0.0,0.0,0.0,0.0,0.0,0.0,0.0,0.0
9986,0.0,1.0,1.0,0.0,0.0,0.0,0.0,0.0,0.0,0.0,0.0,0.0
1454,0.0,1.0,1.0,1.0,1.0,1.0,1.0,1.0,0.0,0.0,1.0,1.0
4775,0.0,0.0,0.0,0.0,0.0,0.0,0.0,0.0,0.0,0.0,0.0,0.0
21808,0.0,0.0,0.0,0.0,0.0,0.0,0.0,0.0,0.0,0.0,0.0,0.0
19620,0.0,0.0,0.0,0.0,0.0,0.0,0.0,0.0,0.0,0.0,0.0,0.0
22654,0.0,0.0,0.0,0.0,0.0,0.0,0.0,0.0,0.0,0.0,0.0,0.0
7633,1.0,4.0,3.0,0.0,4.0,4.0,4.0,1.0,1.0,1.0,4.0,5.0
22653,0.0,0.0,0.0,0.0,0.0,0.0,0.0,0.0,0.0,0.0,0.0,0.0
7632,1.0,4.0,3.0,0.0,4.0,4.0,4.0,1.0,1.0,1.0,4.0,5.0
7631,1.0,4.0,3.0,0.0,4.0,4.0,4.0,1.0,1.0,1.0,4.0,5.0
22655,0.0,0.0,0.0,0.0,0.0,0.0,0.0,0.0,0.0,0.0,0.0,0.0
7630,1.0,4.0,3.0,0.0,4.0,4.0,4.0,1.0,1.0,1.0,4.0,5.0
7629,1.0,4.0,3.0,0.0,4.0,4.0,4.0,1.0,1.0,1.0,4.0,5.0
28545,0.0,0.0,0.0,0.0,0.0,0.0,0.0,0.0,0.0,0.0,0.0,0.0
15405,0.0,0.0,0.0,0.0,0.0,0.0,0.0,0.0,0.0,0.0,0.0,0.0
1460,0.0,0.0,0.0,0.0,0.0,0.0,0.0,0.0,0.0,0.0,0.0,0.0
1461,0.0,0.0,0.0,0.0,0.0,0.0,0.0,0.0,0.0,0.0,0.0,0.0
9979,1.0,1.0,1.0,1.0,1.0,1.0,2.0,1.0,1.0,1.0,1.0,2.0
21031,0.0,1.0,1.0,0.0,1.0,1.0,1.0,0.0,0.0,0.0,1.0,1.0
12463,2.0,1.0,1.0,2.0,2.0,2.0,2.0,2.0,2.0,2.0,2.0,2.0
2590,0.0,0.0,0.0,0.0,0.0,0.0,0.0,0.0,0.0,0.0,0.0,0.0
2589,0.0,0.0,0.0,0.0,0.0,0.0,0.0,0.0,0.0,0.0,0.0,0.0
25916,1.0,0.0,0.0,1.0,0.0,0.0,0.0,0.0,1.0,0.0,0.0,0.0
15416,0.0,0.0,0.0,0.0,0.0,0.0,0.0,0.0,0.0,0.0,0.0,0.0
25915,1.0,0.0,0.0,1.0,0.0,0.0,0.0,0.0,1.0,0.0,0.0,0.0
30064,1.0,1.0,1.0,2.0,1.0,1.0,1.0,2.0,2.0,2.0,1.0,2.0
2588,0.0,0.0,0.0,0.0,0.0,0.0,0.0,0.0,0.0,0.0,0.0,0.0
12462,2.0,1.0,1.0,2.0,2.0,2.0,2.0,2.0,2.0,2.0,2.0,2.0
21035,0.0,0.0,0.0,0.0,0.0,0.0,0.0,0.0,0.0,0.0,0.0,0.0
12461,2.0,1.0,1.0,2.0,2.0,2.0,2.0,2.0,2.0,2.0,2.0,2.0
4773,1.0,0.0,0.0,1.0,1.0,1.0,1.0,1.0,1.0,0.0,1.0,1.0
9988,1.0,0.0,0.0,1.0,1.0,1.0,1.0,1.0,1.0,1.0,1.0,1.0
21033,0.0,1.0,1.0,0.0,1.0,1.0,1.0,0.0,0.0,0.0,1.0,1.0
21032,0.0,1.0,1.0,0.0,1.0,1.0,1.0,0.0,0.0,0.0,1.0,1.0
6102,4.0,1.0,1.0,4.0,3.0,3.0,4.0,4.0,6.0,4.0,4.0,3.0
10241,2.0,0.0,0.0,2.0,1.0,2.0,2.0,2.0,1.0,1.0,1.0,1.0
7650,1.0,0.0,0.0,1.0,1.0,1.0,1.0,1.0,1.0,1.0,1.0,0.0
29296,1.0,0.0,0.0,1.0,0.0,0.0,1.0,1.0,1.0,0.0,0.0,1.0
4752,0.0,2.0,1.0,0.0,1.0,2.0,1.0,0.0,0.0,0.0,1.0,1.0
26422,2.0,2.0,1.0,2.0,2.0,3.0,2.0,2.0,2.0,2.0,2.0,2.0
18125,4.0,1.0,1.0,4.0,2.0,3.0,4.0,4.0,5.0,3.0,3.0,4.0
18124,4.0,1.0,1.0,4.0,2.0,3.0,4.0,4.0,5.0,3.0,3.0,4.0
17075,0.0,0.0,0.0,0.0,0.0,0.0,0.0,0.0,0.0,0.0,0.0,0.0
18123,0.0,1.0,1.0,0.0,0.0,0.0,0.0,0.0,0.0,0.0,0.0,0.0
30083,2.0,0.0,0.0,2.0,1.0,1.0,1.0,2.0,2.0,1.0,1.0,1.0
2573,0.0,0.0,0.0,0.0,0.0,0.0,0.0,0.0,0.0,0.0,0.0,0.0
4741,5.0,3.0,2.0,5.0,4.0,6.0,5.0,6.0,4.0,4.0,5.0,5.0
29284,3.0,0.0,0.0,2.0,1.0,2.0,3.0,3.0,3.0,1.0,2.0,2.0
29698,1.0,0.0,0.0,0.0,0.0,0.0,0.0,1.0,0.0,0.0,0.0,0.0
17069,0.0,1.0,1.0,0.0,1.0,1.0,1.0,0.0,0.0,0.0,1.0,1.0
5404,0.0,0.0,0.0,0.0,0.0,0.0,0.0,0.0,0.0,0.0,0.0,0.0
12260,5.0,0.0,0.0,4.0,3.0,5.0,10.0,5.0,5.0,2.0,4.0,1.0
5403,0.0,0.0,0.0,0.0,0.0,0.0,0.0,0.0,0.0,0.0,0.0,0.0
5402,0.0,0.0,0.0,0.0,0.0,0.0,0.0,0.0,0.0,0.0,0.0,0.0
2568,2.0,2.0,2.0,2.0,2.0,2.0,2.0,2.0,3.0,2.0,2.0,3.0
12261,0.0,0.0,0.0,0.0,0.0,0.0,0.0,0.0,0.0,0.0,0.0,0.0
28587,2.0,0.0,0.0,3.0,1.0,2.0,2.0,2.0,4.0,2.0,3.0,4.0
22694,2.0,0.0,0.0,1.0,1.0,1.0,1.0,1.0,1.0,1.0,1.0,1.0
22695,1.0,1.0,1.0,1.0,1.0,0.0,1.0,1.0,2.0,2.0,1.0,1.0
25304,1.0,0.0,0.0,1.0,0.0,1.0,0.0,0.0,0.0,0.0,0.0,0.0
22696,2.0,0.0,0.0,1.0,1.0,1.0,1.0,1.0,1.0,1.0,1.0,1.0
4737,1.0,0.0,0.0,1.0,0.0,0.0,1.0,1.0,1.0,0.0,0.0,1.0
12494,0.0,0.0,0.0,0.0,0.0,0.0,0.0,0.0,0.0,0.0,0.0,0.0
12495,0.0,0.0,1.0,0.0,0.0,0.0,0.0,0.0,1.0,1.0,0.0,0.0
2556,0.0,0.0,0.0,0.0,0.0,0.0,0.0,0.0,0.0,0.0,0.0,0.0
2554,0.0,0.0,0.0,0.0,0.0,0.0,0.0,0.0,0.0,0.0,0.0,0.0
18629,1.0,0.0,0.0,0.0,1.0,1.0,1.0,1.0,1.0,1.0,1.0,0.0
18141,0.0,0.0,0.0,0.0,0.0,0.0,0.0,0.0,0.0,0.0,0.0,0.0
2555,0.0,0.0,0.0,0.0,0.0,0.0,0.0,0.0,0.0,0.0,0.0,0.0
7661,0.0,1.0,1.0,0.0,1.0,1.0,1.0,0.0,0.0,0.0,1.0,1.0
26432,2.0,0.0,0.0,3.0,1.0,2.0,2.0,2.0,3.0,1.0,2.0,2.0
2548,2.0,1.0,2.0,1.0,2.0,2.0,2.0,2.0,1.0,1.0,1.0,1.0
5437,1.0,0.0,0.0,0.0,0.0,1.0,0.0,0.0,0.0,0.0,0.0,0.0
6559,0.0,1.0,1.0,0.0,1.0,1.0,1.0,0.0,0.0,0.0,1.0,1.0
6558,0.0,1.0,1.0,0.0,1.0,1.0,1.0,0.0,0.0,0.0,1.0,1.0
4308,0.0,0.0,0.0,0.0,0.0,0.0,0.0,0.0,0.0,0.0,0.0,0.0
27923,0.0,0.0,0.0,0.0,0.0,0.0,0.0,0.0,0.0,0.0,0.0,0.0
27929,0.0,0.0,0.0,0.0,0.0,0.0,0.0,0.0,0.0,0.0,0.0,0.0
17036,3.0,0.0,0.0,2.0,2.0,2.0,3.0,3.0,1.0,1.0,2.0,2.0
17035,3.0,0.0,0.0,2.0,1.0,3.0,3.0,2.0,1.0,1.0,2.0,1.0
5025,0.0,0.0,0.0,0.0,0.0,0.0,0.0,0.0,0.0,0.0,0.0,0.0
5024,0.0,0.0,0.0,0.0,0.0,0.0,0.0,0.0,0.0,0.0,0.0,0.0
5848,1.0,0.0,0.0,2.0,0.0,0.0,0.0,1.0,2.0,1.0,1.0,2.0
26465,0.0,0.0,0.0,0.0,0.0,0.0,0.0,0.0,0.0,0.0,0.0,0.0
16146,0.0,1.0,1.0,0.0,1.0,1.0,1.0,0.0,0.0,0.0,1.0,1.0
16147,0.0,1.0,1.0,0.0,1.0,1.0,1.0,0.0,0.0,0.0,1.0,1.0
26855,0.0,0.0,0.0,0.0,0.0,0.0,0.0,0.0,0.0,0.0,0.0,0.0
6560,0.0,1.0,1.0,0.0,1.0,1.0,1.0,0.0,0.0,0.0,1.0,1.0
16969,3.0,1.0,1.0,3.0,2.0,1.0,2.0,2.0,3.0,3.0,2.0,3.0
16968,1.0,0.0,0.0,2.0,0.0,1.0,1.0,1.0,2.0,1.0,1.0,2.0
26079,0.0,0.0,0.0,0.0,0.0,0.0,0.0,0.0,0.0,0.0,0.0,0.0
5030,1.0,0.0,0.0,1.0,0.0,0.0,1.0,1.0,2.0,1.0,1.0,1.0
27937,1.0,0.0,0.0,1.0,1.0,1.0,1.0,1.0,1.0,1.0,1.0,1.0
25976,0.0,0.0,0.0,0.0,0.0,0.0,0.0,0.0,0.0,0.0,0.0,0.0
274,0.0,1.0,2.0,0.0,0.0,0.0,0.0,0.0,1.0,1.0,0.0,0.0
25978,0.0,0.0,0.0,0.0,0.0,0.0,0.0,0.0,0.0,0.0,0.0,0.0
17022,1.0,0.0,0.0,0.0,0.0,1.0,1.0,1.0,0.0,0.0,0.0,0.0
25977,0.0,0.0,0.0,0.0,0.0,0.0,0.0,0.0,0.0,0.0,0.0,0.0
5830,3.0,0.0,0.0,2.0,1.0,2.0,3.0,3.0,3.0,1.0,2.0,2.0
277,1.0,0.0,0.0,0.0,0.0,0.0,0.0,1.0,1.0,1.0,0.0,0.0
5416,0.0,0.0,0.0,0.0,0.0,0.0,0.0,0.0,0.0,0.0,0.0,0.0
6579,1.0,0.0,0.0,1.0,1.0,1.0,1.0,1.0,1.0,1.0,1.0,1.0
5414,1.0,0.0,0.0,1.0,0.0,0.0,0.0,1.0,1.0,1.0,1.0,1.0
5415,1.0,0.0,0.0,1.0,0.0,0.0,0.0,1.0,1.0,0.0,0.0,0.0
5413,0.0,0.0,0.0,0.0,0.0,0.0,0.0,0.0,0.0,0.0,0.0,0.0
6580,1.0,2.0,3.0,1.0,1.0,1.0,1.0,1.0,2.0,2.0,1.0,1.0
17924,1.0,0.0,0.0,0.0,1.0,1.0,1.0,1.0,1.0,0.0,0.0,0.0
6583,1.0,0.0,0.0,1.0,1.0,1.0,1.0,1.0,1.0,1.0,1.0,1.0
5828,0.0,0.0,0.0,0.0,0.0,0.0,0.0,0.0,0.0,0.0,0.0,0.0
25999,0.0,1.0,1.0,1.0,0.0,0.0,0.0,0.0,1.0,1.0,0.0,0.0
1924,0.0,0.0,0.0,0.0,0.0,0.0,0.0,0.0,0.0,0.0,0.0,0.0
25990,0.0,0.0,0.0,0.0,0.0,0.0,0.0,0.0,0.0,0.0,0.0,0.0
26473,0.0,0.0,0.0,0.0,0.0,0.0,0.0,0.0,0.0,0.0,0.0,0.0
25991,0.0,0.0,0.0,0.0,0.0,0.0,0.0,0.0,0.0,0.0,0.0,0.0
24858,0.0,0.0,0.0,0.0,0.0,0.0,0.0,0.0,0.0,0.0,0.0,0.0
5891,0.0,0.0,0.0,0.0,0.0,0.0,0.0,0.0,0.0,0.0,0.0,0.0
25922,1.0,1.0,1.0,1.0,1.0,1.0,1.0,1.0,2.0,2.0,1.0,1.0
25923,0.0,0.0,0.0,0.0,0.0,0.0,0.0,0.0,0.0,0.0,0.0,0.0
5893,0.0,0.0,0.0,0.0,0.0,0.0,0.0,0.0,0.0,0.0,0.0,0.0
5892,0.0,0.0,0.0,0.0,0.0,0.0,0.0,0.0,0.0,0.0,0.0,0.0
25924,0.0,0.0,0.0,0.0,0.0,0.0,0.0,0.0,0.0,0.0,0.0,0.0
17554,0.0,1.0,1.0,0.0,0.0,0.0,0.0,0.0,1.0,1.0,0.0,0.0
17555,1.0,0.0,0.0,0.0,0.0,1.0,0.0,1.0,0.0,0.0,0.0,0.0
22631,0.0,0.0,0.0,0.0,0.0,0.0,0.0,0.0,0.0,0.0,0.0,0.0
17552,1.0,0.0,0.0,0.0,0.0,1.0,0.0,1.0,0.0,0.0,0.0,0.0
15464,0.0,0.0,0.0,0.0,0.0,0.0,0.0,0.0,0.0,0.0,0.0,0.0
17553,0.0,1.0,1.0,0.0,0.0,0.0,0.0,0.0,1.0,1.0,0.0,0.0
15465,0.0,0.0,0.0,0.0,0.0,0.0,0.0,0.0,0.0,0.0,0.0,0.0
1052,1.0,0.0,0.0,0.0,1.0,1.0,1.0,1.0,1.0,1.0,1.0,0.0
1948,3.0,3.0,2.0,4.0,3.0,5.0,4.0,3.0,3.0,3.0,4.0,5.0
6505,0.0,2.0,2.0,0.0,2.0,2.0,1.0,0.0,1.0,1.0,2.0,2.0
6506,4.0,0.0,0.0,4.0,2.0,4.0,6.0,4.0,6.0,2.0,4.0,2.0
6502,0.0,0.0,0.0,0.0,0.0,0.0,0.0,0.0,0.0,0.0,0.0,0.0
5073,0.0,0.0,0.0,0.0,0.0,0.0,0.0,0.0,0.0,0.0,0.0,0.0
6503,0.0,0.0,0.0,0.0,0.0,0.0,0.0,0.0,0.0,0.0,0.0,0.0
15477,0.0,0.0,0.0,0.0,0.0,0.0,0.0,0.0,0.0,0.0,0.0,0.0
1042,0.0,0.0,0.0,0.0,0.0,0.0,0.0,0.0,0.0,0.0,0.0,0.0
232,0.0,1.0,1.0,0.0,0.0,0.0,0.0,0.0,0.0,0.0,0.0,0.0
233,1.0,0.0,0.0,1.0,1.0,1.0,1.0,1.0,1.0,1.0,0.0,0.0
14836,0.0,0.0,0.0,0.0,0.0,0.0,0.0,0.0,0.0,0.0,0.0,0.0
14833,0.0,0.0,0.0,0.0,0.0,0.0,0.0,0.0,0.0,0.0,0.0,0.0
14834,0.0,0.0,0.0,0.0,0.0,0.0,0.0,0.0,0.0,0.0,0.0,0.0
14835,0.0,0.0,0.0,0.0,0.0,0.0,0.0,0.0,0.0,0.0,0.0,0.0
1025,0.0,1.0,1.0,0.0,0.0,0.0,0.0,0.0,1.0,1.0,0.0,0.0
6540,3.0,3.0,2.0,4.0,3.0,5.0,4.0,3.0,3.0,3.0,4.0,5.0
29230,0.0,0.0,0.0,0.0,0.0,0.0,0.0,0.0,0.0,0.0,0.0,0.0
29232,0.0,0.0,0.0,0.0,0.0,0.0,0.0,0.0,0.0,0.0,0.0,0.0
15440,0.0,0.0,0.0,0.0,0.0,0.0,0.0,0.0,0.0,0.0,0.0,0.0
6544,6.0,5.0,5.0,4.0,6.0,3.0,3.0,5.0,4.0,6.0,3.0,3.0
15441,0.0,0.0,0.0,0.0,0.0,0.0,0.0,0.0,0.0,0.0,0.0,0.0
6543,2.0,2.0,2.0,2.0,2.0,2.0,2.0,2.0,3.0,2.0,2.0,3.0
15442,0.0,0.0,0.0,0.0,0.0,0.0,0.0,0.0,0.0,0.0,0.0,0.0
6542,3.0,5.0,4.0,3.0,5.0,4.0,4.0,3.0,3.0,5.0,4.0,6.0
16970,0.0,0.0,0.0,0.0,0.0,0.0,0.0,0.0,0.0,0.0,0.0,0.0
6541,7.0,6.0,5.0,8.0,7.0,5.0,4.0,6.0,4.0,6.0,5.0,6.0
22613,3.0,0.0,0.0,3.0,2.0,3.0,4.0,4.0,4.0,2.0,3.0,3.0
22619,0.0,0.0,0.0,0.0,0.0,0.0,0.0,0.0,0.0,0.0,0.0,0.0
1967,0.0,0.0,0.0,0.0,0.0,0.0,0.0,0.0,0.0,0.0,0.0,0.0
1969,0.0,0.0,0.0,0.0,0.0,0.0,0.0,0.0,0.0,0.0,0.0,0.0
1968,0.0,0.0,0.0,0.0,0.0,0.0,0.0,0.0,0.0,0.0,0.0,0.0
29229,0.0,0.0,0.0,0.0,0.0,0.0,0.0,0.0,0.0,0.0,0.0,0.0
1963,0.0,0.0,0.0,0.0,0.0,0.0,0.0,0.0,0.0,0.0,0.0,0.0
17568,0.0,0.0,0.0,0.0,0.0,0.0,0.0,0.0,0.0,0.0,0.0,0.0
29227,0.0,0.0,0.0,0.0,0.0,0.0,0.0,0.0,0.0,0.0,0.0,0.0
20710,0.0,0.0,0.0,0.0,0.0,0.0,0.0,0.0,0.0,0.0,0.0,0.0
29228,0.0,0.0,0.0,0.0,0.0,0.0,0.0,0.0,0.0,0.0,0.0,0.0
17569,0.0,0.0,0.0,0.0,0.0,0.0,0.0,0.0,0.0,0.0,0.0,0.0
1012,1.0,4.0,3.0,0.0,4.0,4.0,4.0,1.0,1.0,1.0,4.0,5.0
5469,1.0,0.0,0.0,0.0,0.0,0.0,0.0,0.0,1.0,0.0,0.0,0.0
20709,0.0,0.0,0.0,0.0,0.0,0.0,0.0,0.0,0.0,0.0,0.0,0.0
1022,0.0,0.0,0.0,0.0,0.0,0.0,0.0,0.0,0.0,0.0,0.0,0.0
5471,1.0,0.0,0.0,0.0,0.0,0.0,0.0,1.0,1.0,1.0,0.0,0.0
15843,0.0,0.0,0.0,0.0,0.0,0.0,0.0,0.0,0.0,0.0,0.0,0.0
15844,0.0,0.0,0.0,0.0,0.0,0.0,0.0,0.0,0.0,0.0,0.0,0.0
