0	5.0000000000	0.6000000000	9.0000000000	0.8666666667	11.0000000000	0.7283575770	0.0003360119	0.0003360248
0	4.0000000000	1.0000000000	10.0000000000	1.0000000000	10.0000000000	0.6190482205	0.0109532321	0.0109532510
1	4.0000000000	1.0000000000	12.7500000000	1.0000000000	10.0000000000	0.5789729360	0.0108192117	0.0108192813
0	3.0000000000	1.0000000000	5.6666666667	1.0000000000	6.0000000000	0.5000421494	0.0000540241	0.0000540267
0	2.0000000000	1.0000000000	3.0000000000	1.0000000000	3.0000000000	0.5227021602	0.0000118686	0.0000118687
1	4.0000000000	1.0000000000	10.5000000000	1.0000000000	10.0000000000	0.4803431528	0.0584627330	0.0584629312
0	5.0000000000	1.0000000000	6.2000000000	1.0000000000	15.0000000000	0.7713976130	0.0000000000	0.0000000000
0	5.0000000000	1.0000000000	6.2000000000	1.0000000000	15.0000000000	0.7713976130	0.0000000000	0.0000000000
0	3.0000000000	1.0000000000	3.0000000000	1.0000000000	6.0000000000	0.7656967841	0.0000000000	0.0000000000
0	3.0000000000	1.0000000000	9.6666666667	1.0000000000	6.0000000000	0.5180121499	0.0000040837	0.0000040838
0	2.0000000000	1.0000000000	4.0000000000	1.0000000000	3.0000000000	0.4950184292	0.0000000000	0.0000000000
1	15.0000000000	0.2095238095	8.4666666667	0.8809523810	37.0000000000	1.9293039424	0.0003101460	0.0003101505
0	1.0000000000	0.0000000000	1.0000000000	0.0000000000	1.0000000000	0.7656967841	0.0000000000	0.0000000000
0	1.0000000000	0.0000000000	5.0000000000	0.0000000000	1.0000000000	0.4320958304	0.0000000000	0.0000000000
0	6.0000000000	0.4666666667	10.0000000000	0.9238095238	13.0000000000	0.8255331558	0.0013410840	0.0013410937
1	2.0000000000	1.0000000000	4.5000000000	1.0000000000	3.0000000000	0.4454322123	0.0000099683	0.0000099684
1	2.0000000000	1.0000000000	2.0000000000	1.0000000000	3.0000000000	0.7656967841	0.0000000000	0.0000000000
0	6.0000000000	1.0000000000	9.5000000000	1.0000000000	21.0000000000	0.7172890791	0.0295758769	0.0295761326
0	13.0000000000	0.3717948718	7.8461538462	0.8551282051	42.0000000000	1.5647805009	0.0015797259	0.0015797367
0	2.0000000000	1.0000000000	2.0000000000	1.0000000000	3.0000000000	0.7656967841	0.0000000000	0.0000000000
0	3.0000000000	0.6666666667	9.0000000000	0.8333333333	5.0000000000	0.4601980031	0.0000687230	0.0000687307
0	3.0000000000	1.0000000000	3.0000000000	1.0000000000	6.0000000000	0.7656967841	0.0000000000	0.0000000000
0	5.0000000000	0.3000000000	4.4000000000	0.8277777778	8.0000000000	1.0772896169	0.0003712742	0.0003712786
0	6.0000000000	0.4666666667	7.1666666667	0.8285714286	13.0000000000	0.8321516790	0.1151700727	0.1151706731
0	5.0000000000	1.0000000000	11.0000000000	1.0000000000	15.0000000000	0.6446816757	0.0000050270	0.0000050272
1	4.0000000000	1.0000000000	12.7500000000	1.0000000000	10.0000000000	0.5789729360	0.0108192117	0.0108192813
1	5.0000000000	1.0000000000	7.6000000000	1.0000000000	15.0000000000	0.7118770521	0.0023980718	0.0023980859
1	5.0000000000	0.8000000000	12.2000000000	0.9000000000	13.0000000000	0.7116151380	0.0179271095	0.0179271849
0	14.0000000000	0.6043956044	9.8571428571	0.8833943834	69.0000000000	1.1723697889	0.0069133527	0.0069133876
0	9.0000000000	0.8333333333	10.8888888889	0.9166666667	39.0000000000	0.7885722559	0.0051757078	0.0051757326
0	14.0000000000	0.6043956044	9.8571428571	0.8833943834	69.0000000000	1.1723697889	0.0069133527	0.0069133876
0	7.0000000000	1.0000000000	12.5714285714	1.0000000000	28.0000000000	0.6295168774	0.0045961661	0.0045961876
0	7.0000000000	1.0000000000	12.5714285714	1.0000000000	28.0000000000	0.6295168774	0.0045961661	0.0045961876
0	14.0000000000	0.6043956044	9.8571428571	0.8833943834	69.0000000000	1.1723697889	0.0069133527	0.0069133876
0	1.0000000000	0.0000000000	2.0000000000	0.0000000000	1.0000000000	0.6148142655	0.0000000000	0.0000000000
1	10.0000000000	0.4000000000	5.9000000000	0.8545454545	28.0000000000	1.3622767917	0.0014214665	0.0014214806
0	3.0000000000	1.0000000000	3.0000000000	1.0000000000	6.0000000000	0.7656967841	0.0000000000	0.0000000000
0	3.0000000000	1.0000000000	8.0000000000	1.0000000000	6.0000000000	0.4572328343	0.0721230354	0.0721230276
0	11.0000000000	0.6727272727	12.3636363636	0.9727272727	48.0000000000	1.2810745681	0.4271513309	0.4271538870
1	6.0000000000	0.4666666667	3.3333333333	0.9238095238	13.0000000000	1.2084894782	0.0000000000	0.0000000000
0	5.0000000000	1.0000000000	5.0000000000	1.0000000000	15.0000000000	0.7656967841	0.0000000000	0.0000000000
0	4.0000000000	1.0000000000	4.5000000000	1.0000000000	10.0000000000	0.7890808147	0.0000000000	0.0000000000
1	13.0000000000	0.3076923077	8.8461538462	0.9505494505	37.0000000000	1.5620780922	0.0790986552	0.0790986646
1	7.0000000000	0.3333333333	13.0000000000	0.7916666667	14.0000000000	0.8781042495	5.6769489393	5.6769484741
0	12.0000000000	0.5909090909	11.6666666667	0.9685314685	51.0000000000	1.3839531309	0.4301251273	0.4301277110
0	3.0000000000	1.0000000000	6.0000000000	1.0000000000	6.0000000000	0.4916502520	0.0370708068	0.0370710859
0	3.0000000000	1.0000000000	6.0000000000	1.0000000000	6.0000000000	0.4916502520	0.0370708068	0.0370710859
1	18.0000000000	0.1960784314	6.1111111111	0.9010467345	48.0000000000	2.3975216345	0.0230282469	0.0230283490
1	4.0000000000	1.0000000000	7.0000000000	1.0000000000	10.0000000000	0.6040541972	0.5921609899	0.5921609047
0	7.0000000000	0.4285714286	7.2857142857	0.9285714286	16.0000000000	1.0595849646	0.0112181125	0.0112181322
1	8.0000000000	0.3571428571	11.0000000000	0.8619047619	18.0000000000	1.0756011117	0.0215161102	0.0215161452
0	2.0000000000	1.0000000000	4.0000000000	1.0000000000	3.0000000000	0.4975323757	0.0000000000	0.0000000000
0	2.0000000000	1.0000000000	8.0000000000	1.0000000000	3.0000000000	0.4246254472	0.0000406901	0.0000406907
0	3.0000000000	1.0000000000	7.6666666667	1.0000000000	6.0000000000	0.4555152503	0.0782876716	0.0782879964
1	5.0000000000	0.5000000000	5.6000000000	0.8333333333	10.0000000000	0.7641750531	0.0497412538	0.0497416227
1	15.0000000000	0.4000000000	9.8000000000	0.8368055556	57.0000000000	1.8220834551	0.4440758240	0.4440785087
0	12.0000000000	0.7878787879	9.9166666667	0.9347319347	64.0000000000	0.9690036446	0.0000000095	0.0000000124
0	12.0000000000	0.7878787879	9.9166666667	0.9347319347	64.0000000000	0.9690036446	0.0000000095	0.0000000124
0	4.0000000000	1.0000000000	7.7500000000	1.0000000000	10.0000000000	0.5926787931	0.0090060305	0.0090061303
1	8.0000000000	0.3928571429	5.0000000000	0.8880952381	19.0000000000	1.2254381167	0.0093190344	0.0093191392
0	10.0000000000	0.3111111111	4.7000000000	0.9373737374	24.0000000000	1.6764294748	0.0000000000	0.0000000000
1	5.0000000000	0.8000000000	6.8000000000	0.9000000000	13.0000000000	0.7459619247	0.0091540286	0.0091541307
0	8.0000000000	1.0000000000	10.1250000000	1.0000000000	36.0000000000	0.8620069730	1.2011426698	1.2011425006
0	10.0000000000	0.7555555556	10.3000000000	0.8818181818	44.0000000000	1.0763788613	1.6879283070	1.6879280679
1	6.0000000000	0.6666666667	4.3333333333	0.8095238095	16.0000000000	1.0283632516	0.0000000000	0.0000000000
1	5.0000000000	1.0000000000	5.2000000000	1.0000000000	15.0000000000	0.8141935755	0.0000000000	0.0000000000
0	7.0000000000	0.4285714286	10.4285714286	0.9285714286	16.0000000000	0.8389456466	0.0751769765	0.0751774941
0	9.0000000000	0.4444444444	9.6666666667	0.9044444444	25.0000000000	1.0612502651	0.0095107404	0.0095108200
0	5.0000000000	1.0000000000	7.2000000000	1.0000000000	15.0000000000	0.7708505981	0.0000017458	0.0000017459
1	11.0000000000	0.2000000000	7.0000000000	0.8166666667	22.0000000000	1.6890878157	0.1037957437	0.1037958128
0	2.0000000000	1.0000000000	15.0000000000	1.0000000000	3.0000000000	0.3624087508	0.0153273961	0.0153276061
0	3.0000000000	1.0000000000	9.3333333333	1.0000000000	6.0000000000	0.5045538891	0.2319225806	0.2319225442
0	10.0000000000	0.4444444444	5.6000000000	0.9148629149	30.0000000000	1.3417862289	0.0000000000	0.0000000000
1	1.0000000000	0.0000000000	1.0000000000	0.0000000000	1.0000000000	0.7656967841	0.0000000000	0.0000000000
1	3.0000000000	1.0000000000	3.0000000000	1.0000000000	6.0000000000	0.7656967841	0.0000000000	0.0000000000
0	3.0000000000	1.0000000000	5.0000000000	1.0000000000	6.0000000000	0.6008630359	0.0017550424	0.0017550629
0	3.0000000000	1.0000000000	5.0000000000	1.0000000000	6.0000000000	0.6008630359	0.0017550424	0.0017550629
1	3.0000000000	1.0000000000	3.0000000000	1.0000000000	6.0000000000	0.7656967841	0.0000000000	0.0000000000
1	3.0000000000	1.0000000000	11.6666666667	1.0000000000	6.0000000000	0.5104857504	0.0008938854	0.0008938953
1	3.0000000000	1.0000000000	3.0000000000	1.0000000000	6.0000000000	0.7656967841	0.0000000000	0.0000000000
0	5.0000000000	1.0000000000	7.4000000000	1.0000000000	15.0000000000	0.6885605115	0.0059808893	0.0059809510
0	5.0000000000	1.0000000000	7.4000000000	1.0000000000	15.0000000000	0.6885605115	0.0059808893	0.0059809510
0	5.0000000000	1.0000000000	6.8000000000	1.0000000000	15.0000000000	0.7627429598	0.0000534022	0.0000534032
1	1.0000000000	0.0000000000	1.0000000000	0.0000000000	1.0000000000	0.7656967841	0.0000000000	0.0000000000
0	4.0000000000	1.0000000000	10.0000000000	1.0000000000	10.0000000000	0.5708153733	0.0013112420	0.0013112512
0	6.0000000000	0.4000000000	7.5000000000	0.8666666667	12.0000000000	1.0168404691	0.0012126558	0.0012126700
0	11.0000000000	0.8363636364	11.9090909091	0.9727272727	57.0000000000	1.0628679609	0.0008142113	0.0008142803
0	2.0000000000	1.0000000000	4.0000000000	1.0000000000	3.0000000000	0.4507977677	0.0000962217	0.0000962231
0	5.0000000000	0.8000000000	9.2000000000	0.9000000000	13.0000000000	0.7005930368	0.0275708816	0.0275709610
1	3.0000000000	1.0000000000	17.6666666667	1.0000000000	6.0000000000	0.4378740910	0.1805617797	0.1805627413
0	4.0000000000	0.8333333333	6.5000000000	0.9000000000	9.0000000000	0.6517059869	0.0000272485	0.0000272490
0	5.0000000000	1.0000000000	5.4000000000	1.0000000000	15.0000000000	0.7762938814	0.0000000000	0.0000000000
0	5.0000000000	1.0000000000	5.4000000000	1.0000000000	15.0000000000	0.7762938814	0.0000000000	0.0000000000
1	6.0000000000	0.7333333333	4.6666666667	0.9238095238	17.0000000000	0.9371580800	0.0000000000	0.0000000000
0	4.0000000000	0.6666666667	5.2500000000	0.8666666667	8.0000000000	0.6232974143	0.0024492967	0.0024493232
1	4.0000000000	1.0000000000	4.0000000000	1.0000000000	10.0000000000	0.7656967841	0.0000000000	0.0000000000
0	2.0000000000	1.0000000000	11.0000000000	1.0000000000	3.0000000000	0.3924134475	0.2109998716	0.2109998385
0	5.0000000000	0.4000000000	5.6000000000	0.9000000000	9.0000000000	0.9247651531	0.0015775340	0.0015775496
0	3.0000000000	0.3333333333	4.6666666667	0.5833333333	4.0000000000	0.6126317558	0.0000000000	0.0000000000
0	5.0000000000	0.2000000000	5.2000000000	0.7000000000	7.0000000000	0.8819492488	0.0004413227	0.0004413281
1	25.0000000000	0.2266666667	8.9600000000	0.9022916827	93.0000000000	2.6071664909	0.0033218777	0.0033219815
1	17.0000000000	0.1764705882	5.7647058824	0.8740896359	41.0000000000	2.2563746242	0.0007188036	0.0007188126
0	6.0000000000	0.6000000000	5.1666666667	0.8380952381	15.0000000000	0.9672879152	0.0000000000	0.0000000000
0	3.0000000000	1.0000000000	14.0000000000	1.0000000000	6.0000000000	0.4392230245	0.0012404156	0.0012404231
0	1.0000000000	0.0000000000	19.0000000000	0.0000000000	1.0000000000	0.2191165828	0.0168467281	0.0168467461
1	5.0000000000	0.1000000000	1.4000000000	0.3500000000	6.0000000000	1.8077221569	0.0000000000	0.0000000000
1	1.0000000000	0.0000000000	18.0000000000	0.0000000000	1.0000000000	0.1936333143	3.7283796139	3.7283790320
0	9.0000000000	0.4444444444	5.4444444444	0.9444444444	25.0000000000	1.4034725020	0.0000000000	0.0000000000
0	2.0000000000	0.0000000000	4.0000000000	0.0000000000	2.0000000000	0.5001503988	0.4196018306	0.4196018024
0	3.0000000000	1.0000000000	6.3333333333	1.0000000000	6.0000000000	0.4418964126	0.0067197613	0.0067198196
0	3.0000000000	0.6666666667	9.0000000000	0.8333333333	5.0000000000	0.4601980031	0.0000687230	0.0000687307
0	13.0000000000	0.4102564103	6.7692307692	0.9388278388	45.0000000000	1.4789150152	0.0003945052	0.0003945099
0	5.0000000000	1.0000000000	7.4000000000	1.0000000000	15.0000000000	0.6885605115	0.0059808893	0.0059809510
0	6.0000000000	1.0000000000	9.5000000000	1.0000000000	21.0000000000	0.7172890791	0.0295758769	0.0295761326
0	13.0000000000	0.6794871795	11.8461538462	0.9097902098	66.0000000000	1.1425388896	0.4750917576	0.4750961366
0	2.0000000000	1.0000000000	4.5000000000	1.0000000000	3.0000000000	0.4511971157	0.0000000000	0.0000000000
0	2.0000000000	1.0000000000	4.5000000000	1.0000000000	3.0000000000	0.4188768194	0.0001172972	0.0001172981
0	3.0000000000	1.0000000000	4.3333333333	1.0000000000	6.0000000000	0.6231551438	0.0000000000	0.0000000000
0	2.0000000000	1.0000000000	4.5000000000	1.0000000000	3.0000000000	0.4536398257	0.0006087015	0.0006087067
1	5.0000000000	1.0000000000	6.2000000000	1.0000000000	15.0000000000	0.7713976130	0.0000000000	0.0000000000
1	5.0000000000	1.0000000000	12.4000000000	1.0000000000	15.0000000000	0.6383378849	0.0550753761	0.0550757941
0	10.0000000000	1.0000000000	13.6000000000	1.0000000000	55.0000000000	0.8652925305	0.4294760875	0.4294800291
0	1.0000000000	0.0000000000	2.0000000000	0.0000000000	1.0000000000	0.3707127869	0.0000110255	0.0000110255
1	5.0000000000	1.0000000000	7.8000000000	1.0000000000	15.0000000000	0.6849835214	0.0238641018	0.0238641300
1	5.0000000000	1.0000000000	7.8000000000	1.0000000000	15.0000000000	0.6849835214	0.0238641018	0.0238641300
1	3.0000000000	1.0000000000	6.6666666667	1.0000000000	6.0000000000	0.5421924893	0.0000111861	0.0000111863
0	3.0000000000	1.0000000000	4.0000000000	1.0000000000	6.0000000000	0.6811718370	0.0000000000	0.0000000000
0	3.0000000000	1.0000000000	4.0000000000	1.0000000000	6.0000000000	0.6811718370	0.0000000000	0.0000000000
0	5.0000000000	1.0000000000	8.4000000000	1.0000000000	15.0000000000	0.6522198147	0.0001552016	0.0001552030
0	3.0000000000	1.0000000000	5.3333333333	1.0000000000	6.0000000000	0.5926716954	0.0000000000	0.0000000000
1	5.0000000000	0.4000000000	3.6000000000	0.9000000000	9.0000000000	1.0140862437	0.0000000000	0.0000000000
0	5.0000000000	1.0000000000	9.4000000000	1.0000000000	15.0000000000	0.6134883693	0.0005572148	0.0005572186
1	32.0000000000	0.1895161290	8.8750000000	0.9060923952	126.0000000000	2.9738341250	0.2449340788	0.2449371514
1	18.0000000000	0.2156862745	10.6111111111	0.8632999611	51.0000000000	1.8646806956	0.6075228455	0.6075243960
1	6.0000000000	1.0000000000	19.1666666667	1.0000000000	21.0000000000	0.6297625647	0.1095675124	0.1095684785
1	3.0000000000	1.0000000000	6.6666666667	1.0000000000	6.0000000000	0.5421924893	0.0000111861	0.0000111863
0	3.0000000000	1.0000000000	5.0000000000	1.0000000000	6.0000000000	0.5400741059	0.0000000000	0.0000000000
0	6.0000000000	0.4000000000	4.6666666667	0.9142857143	12.0000000000	0.9596913611	0.0000000000	0.0000000000
1	3.0000000000	1.0000000000	12.3333333333	1.0000000000	6.0000000000	0.4157587190	0.0210989612	0.0210992998
1	9.0000000000	0.3611111111	11.2222222222	0.8661111111	22.0000000000	1.0857465684	0.0877383744	0.0877393760
1	3.0000000000	1.0000000000	7.0000000000	1.0000000000	6.0000000000	0.5063042895	0.0075869509	0.0075870598
0	8.0000000000	0.4642857143	4.5000000000	0.9404761905	21.0000000000	1.2912691177	0.0000000000	0.0000000000
1	2.0000000000	1.0000000000	14.5000000000	1.0000000000	3.0000000000	0.3641988645	0.0008268409	0.0008268498
0	4.0000000000	1.0000000000	7.2500000000	1.0000000000	10.0000000000	0.6285586331	0.0000677944	0.0000677955
0	6.0000000000	1.0000000000	6.0000000000	1.0000000000	21.0000000000	0.7656967841	0.0000000000	0.0000000000
0	4.0000000000	1.0000000000	6.0000000000	1.0000000000	10.0000000000	0.6422435306	0.0197814666	0.0197816483
1	4.0000000000	1.0000000000	8.7500000000	1.0000000000	10.0000000000	0.5519277031	0.0000603538	0.0000603544
0	3.0000000000	1.0000000000	8.6666666667	1.0000000000	6.0000000000	0.4639676411	4.3971267045	4.3971260177
0	4.0000000000	1.0000000000	7.2500000000	1.0000000000	10.0000000000	0.6225483199	0.0000049408	0.0000049410
0	4.0000000000	1.0000000000	6.0000000000	1.0000000000	10.0000000000	0.6815575442	0.0003931519	0.0003931572
1	6.0000000000	0.3333333333	6.8333333333	0.8571428571	11.0000000000	1.0313500089	0.0009119889	0.0009119991
0	5.0000000000	0.5000000000	5.6000000000	0.6944444444	10.0000000000	0.8501863429	0.0002141735	0.0002141750
0	9.0000000000	0.6111111111	10.1111111111	0.8669841270	31.0000000000	1.0224058669	0.0038333301	0.0038333619
1	18.0000000000	0.5359477124	12.1111111111	0.9054007568	100.0000000000	1.6687236125	50.7167230852	50.7167151925
1	25.0000000000	0.3366666667	11.0400000000	0.9351556777	126.0000000000	2.1255368906	57.1831479798	57.1831391291
0	13.0000000000	1.0000000000	16.0769230769	1.0000000000	91.0000000000	0.9760898464	49.2583624664	49.2583548023
0	6.0000000000	0.3333333333	3.1666666667	0.8571428571	11.0000000000	1.1937199083	0.0000000000	0.0000000000
1	7.0000000000	0.2380952381	5.8571428571	0.9047619048	12.0000000000	1.1603072484	0.0001256279	0.0001256292
0	13.0000000000	1.0000000000	16.0769230769	1.0000000000	91.0000000000	0.9760898464	49.2583624664	49.2583548023
0	5.0000000000	1.0000000000	6.0000000000	1.0000000000	15.0000000000	0.7199462230	0.0000350423	0.0000350429
0	2.0000000000	0.0000000000	1.0000000000	0.0000000000	2.0000000000	1.0674618213	0.0000000000	0.0000000000
0	6.0000000000	1.0000000000	9.8333333333	1.0000000000	21.0000000000	0.7203535829	0.0034644444	0.0034644742
0	6.0000000000	1.0000000000	6.0000000000	1.0000000000	21.0000000000	0.7656967841	0.0000000000	0.0000000000
0	4.0000000000	1.0000000000	7.2500000000	1.0000000000	10.0000000000	0.6225483199	0.0000049408	0.0000049410
0	5.0000000000	1.0000000000	11.0000000000	1.0000000000	15.0000000000	0.6446816757	0.0000050270	0.0000050272
0	4.0000000000	0.8333333333	7.2500000000	0.9000000000	9.0000000000	0.6505885529	0.0009394686	0.0009394718
0	13.0000000000	0.4102564103	9.8461538462	0.9306645735	45.0000000000	1.3657300193	0.2504557237	0.2504572774
0	3.0000000000	1.0000000000	9.6666666667	1.0000000000	6.0000000000	0.5634535245	0.0007543006	0.0007543087
0	5.0000000000	0.5000000000	3.0000000000	0.8333333333	10.0000000000	1.1139833486	0.0000000000	0.0000000000
0	1.0000000000	0.0000000000	9.0000000000	0.0000000000	1.0000000000	0.2510675179	0.0000001387	0.0000001387
1	5.0000000000	1.0000000000	15.8000000000	1.0000000000	15.0000000000	0.5441843533	0.0799496917	0.0799507662
1	7.0000000000	0.6190476190	5.5714285714	0.8797619048	20.0000000000	1.0742027380	0.0000017908	0.0000017909
1	3.0000000000	1.0000000000	3.0000000000	1.0000000000	6.0000000000	0.7656967841	0.0000000000	0.0000000000
0	1.0000000000	0.0000000000	13.0000000000	0.0000000000	1.0000000000	0.2535885762	0.0003377558	0.0003377598
1	6.0000000000	0.4000000000	3.0000000000	0.9142857143	12.0000000000	1.2728464664	0.0000000000	0.0000000000
1	13.0000000000	1.0000000000	16.0769230769	1.0000000000	91.0000000000	0.9760898464	49.2583624664	49.2583548023
1	16.0000000000	0.2083333333	7.4375000000	0.8850840336	41.0000000000	1.9479358422	6.2786154250	6.2786145087
0	10.0000000000	0.6000000000	7.8000000000	0.9272727273	37.0000000000	1.0324477103	0.0646369872	0.0646372224
1	8.0000000000	0.4642857143	7.0000000000	0.7870370370	21.0000000000	1.0144806692	0.0014065861	0.0014065997
0	2.0000000000	1.0000000000	9.0000000000	1.0000000000	3.0000000000	0.3648036617	0.0143390503	0.0143391469
1	4.0000000000	0.6666666667	3.0000000000	0.8666666667	8.0000000000	0.9396167346	0.0000000000	0.0000000000
0	2.0000000000	1.0000000000	4.0000000000	1.0000000000	3.0000000000	0.4531355044	0.0145586115	0.0145587075
0	3.0000000000	1.0000000000	11.0000000000	1.0000000000	6.0000000000	0.4814228668	0.1078259609	0.1078259789
0	12.0000000000	0.2878787879	6.7500000000	0.8661005661	31.0000000000	1.6171016930	0.0029177153	0.0029177293
0	10.0000000000	1.0000000000	13.0000000000	1.0000000000	55.0000000000	0.9436190387	0.0007933875	0.0007934552
0	10.0000000000	1.0000000000	13.0000000000	1.0000000000	55.0000000000	0.9436190387	0.0007933875	0.0007934552
1	18.0000000000	0.3333333333	7.9444444444	0.9562998405	69.0000000000	2.0421610651	0.0008480307	0.0008481044
0	4.0000000000	0.5000000000	7.2500000000	0.7000000000	7.0000000000	0.7882786210	0.0020291001	0.0020291037
0	6.0000000000	1.0000000000	6.3333333333	1.0000000000	21.0000000000	0.8168202709	0.0000000000	0.0000000000
1	2.0000000000	1.0000000000	2.0000000000	1.0000000000	3.0000000000	0.7656967841	0.0000000000	0.0000000000
0	4.0000000000	0.8333333333	10.7500000000	0.9000000000	9.0000000000	0.5093450587	0.0001499011	0.0001499106
0	3.0000000000	1.0000000000	3.0000000000	1.0000000000	6.0000000000	0.7656967841	0.0000000000	0.0000000000
1	12.0000000000	0.7878787879	9.9166666667	0.9347319347	64.0000000000	0.9690036446	0.0000000095	0.0000000124
0	3.0000000000	1.0000000000	3.0000000000	1.0000000000	6.0000000000	0.7656967841	0.0000000000	0.0000000000
0	9.0000000000	0.5000000000	7.8888888889	0.9500000000	27.0000000000	1.0926713059	0.0312693443	0.0312697376
0	5.0000000000	1.0000000000	6.2000000000	1.0000000000	15.0000000000	0.7713976130	0.0000000000	0.0000000000
1	15.0000000000	0.3523809524	7.0666666667	0.6775793651	52.0000000000	1.8772316761	1.7788933564	1.7788931047
1	14.0000000000	0.1428571429	7.2142857143	0.8095238095	27.0000000000	2.0410806745	0.0179769462	0.0179770866
0	3.0000000000	1.0000000000	3.6666666667	1.0000000000	6.0000000000	0.6884575788	0.0004303954	0.0004303953
1	17.0000000000	0.2647058824	7.2941176471	0.8225101152	53.0000000000	1.8578784946	0.0006444951	0.0006445368
0	2.0000000000	1.0000000000	11.5000000000	1.0000000000	3.0000000000	0.3323871601	4.0738771616	4.0738765254
0	16.0000000000	0.2333333333	9.7500000000	0.8918003565	44.0000000000	1.8517402916	0.0140850342	0.0140851106
1	9.0000000000	1.0000000000	12.2222222222	1.0000000000	45.0000000000	0.8063177464	0.0571966509	0.0571977544
1	7.0000000000	0.4285714286	6.2857142857	0.8785714286	16.0000000000	1.0148163244	0.0107659472	0.0107660532
0	5.0000000000	1.0000000000	5.0000000000	1.0000000000	15.0000000000	0.7656967841	0.0000000000	0.0000000000
1	21.0000000000	0.2095238095	9.2380952381	0.8611138861	65.0000000000	2.2352493623	0.1925196717	0.1925218158
0	7.0000000000	1.0000000000	11.4285714286	1.0000000000	28.0000000000	0.6490436311	13.1210874671	13.1210855445
0	4.0000000000	1.0000000000	13.7500000000	1.0000000000	10.0000000000	0.4790667131	0.0358976350	0.0358980902
1	6.0000000000	0.2666666667	9.1666666667	0.7523809524	10.0000000000	1.0239060312	0.1834794106	0.1834803949
0	5.0000000000	1.0000000000	5.0000000000	1.0000000000	15.0000000000	0.7656967841	0.0000000000	0.0000000000
0	1.0000000000	0.0000000000	4.0000000000	0.0000000000	1.0000000000	0.2689888616	0.0001588782	0.0001588807
1	21.0000000000	0.4523809524	11.4761904762	0.9286255411	116.0000000000	1.7260284636	55.5520947177	55.5520860734
0	22.0000000000	0.4675324675	12.3181818182	0.9346295581	130.0000000000	1.7093105856	57.8640686613	57.8640597637
1	17.0000000000	0.3602941176	10.9411764706	0.8927436126	66.0000000000	1.9507506938	0.4725339260	0.4725368043
1	5.0000000000	1.0000000000	7.8000000000	1.0000000000	15.0000000000	0.6849835214	0.0238641018	0.0238641300
1	11.0000000000	0.2727272727	4.2727272727	0.9116161616	26.0000000000	1.7092974858	0.0000000000	0.0000000000
0	3.0000000000	1.0000000000	5.3333333333	1.0000000000	6.0000000000	0.5715992797	0.0000013228	0.0000013228
1	2.0000000000	1.0000000000	6.5000000000	1.0000000000	3.0000000000	0.4294814154	0.0000000000	0.0000000000
0	3.0000000000	0.6666666667	6.3333333333	0.8333333333	5.0000000000	0.5162727916	0.0005564057	0.0005564140
0	3.0000000000	0.3333333333	1.6666666667	0.5833333333	4.0000000000	1.1218120029	0.0000000000	0.0000000000
0	7.0000000000	1.0000000000	10.1428571429	1.0000000000	28.0000000000	0.7587340960	0.0005599943	0.0005599985
0	3.0000000000	1.0000000000	4.6666666667	1.0000000000	6.0000000000	0.5089296711	0.0004002787	0.0004002840
0	2.0000000000	1.0000000000	5.5000000000	1.0000000000	3.0000000000	0.4529389367	0.0006250941	0.0006251055
1	9.0000000000	0.1666666667	3.7777777778	0.9166666667	15.0000000000	1.5324400021	0.0078778596	0.0078779766
0	2.0000000000	1.0000000000	5.5000000000	1.0000000000	3.0000000000	0.4529389367	0.0006250941	0.0006251055
0	12.0000000000	0.5909090909	13.0833333333	0.9685314685	51.0000000000	1.2569302131	0.4448253832	0.4448281660
0	2.0000000000	1.0000000000	9.0000000000	1.0000000000	3.0000000000	0.3616092792	0.0006591613	0.0006591752
1	2.0000000000	1.0000000000	4.5000000000	1.0000000000	3.0000000000	0.4454322123	0.0000099683	0.0000099684
0	5.0000000000	0.3000000000	3.4000000000	0.8277777778	8.0000000000	0.9530766230	0.0001135723	0.0001135739
1	8.0000000000	0.2857142857	9.0000000000	0.7724867725	16.0000000000	1.0419400850	0.8298597037	0.8298595881
1	2.0000000000	1.0000000000	2.0000000000	1.0000000000	3.0000000000	0.7656967841	0.0000000000	0.0000000000
1	2.0000000000	1.0000000000	2.0000000000	1.0000000000	3.0000000000	0.7656967841	0.0000000000	0.0000000000
0	3.0000000000	1.0000000000	3.0000000000	1.0000000000	6.0000000000	0.7656967841	0.0000000000	0.0000000000
0	3.0000000000	1.0000000000	5.3333333333	1.0000000000	6.0000000000	0.5480513523	0.0004357340	0.0004357396
0	5.0000000000	1.0000000000	7.4000000000	1.0000000000	15.0000000000	0.5741768837	0.0038438456	0.0038438722
1	19.0000000000	0.1345029240	7.7894736842	0.8867251462	42.0000000000	2.3299901281	0.2291638889	0.2291640868
0	5.0000000000	0.4000000000	3.0000000000	0.9000000000	9.0000000000	1.1346227784	0.0000540499	0.0000540505
0	11.0000000000	0.4727272727	7.3636363636	0.9121212121	37.0000000000	1.3031420701	0.0000054724	0.0000054726
0	2.0000000000	1.0000000000	11.0000000000	1.0000000000	3.0000000000	0.3160565927	0.0000008046	0.0000008047
0	10.0000000000	1.0000000000	10.8000000000	1.0000000000	55.0000000000	0.7939939600	0.0000000087	0.0000000115
1	10.0000000000	0.4444444444	6.4000000000	0.8910533911	30.0000000000	1.2743588030	0.0005964192	0.0005964234
0	5.0000000000	1.0000000000	5.0000000000	1.0000000000	15.0000000000	0.7656967841	0.0000000000	0.0000000000
0	3.0000000000	1.0000000000	12.6666666667	1.0000000000	6.0000000000	0.4350512273	1.5481584076	1.5481581664
0	1.0000000000	0.0000000000	21.0000000000	0.0000000000	1.0000000000	0.2227967014	0.0017212503	0.0017212533
0	4.0000000000	1.0000000000	4.0000000000	1.0000000000	10.0000000000	0.7656967841	0.0000000000	0.0000000000
0	12.0000000000	0.1969696970	4.8333333333	0.9382284382	25.0000000000	1.8613889608	0.0041684829	0.0041685274
1	2.0000000000	1.0000000000	3.0000000000	1.0000000000	3.0000000000	0.6515178955	0.0000000000	0.0000000000
1	4.0000000000	0.3333333333	2.0000000000	0.8666666667	6.0000000000	1.2224123382	0.0000000000	0.0000000000
0	3.0000000000	1.0000000000	9.3333333333	1.0000000000	6.0000000000	0.5448811233	0.0020188296	0.0020188332
0	8.0000000000	0.5714285714	8.2500000000	0.9523809524	24.0000000000	0.9660485214	0.0299213330	0.0299215932
1	4.0000000000	1.0000000000	11.5000000000	1.0000000000	10.0000000000	0.5781845963	0.0040217207	0.0040217615
1	3.0000000000	1.0000000000	8.3333333333	1.0000000000	6.0000000000	0.5302659966	0.0019855938	0.0019856049
0	3.0000000000	1.0000000000	3.6666666667	1.0000000000	6.0000000000	0.6600620543	0.0000000000	0.0000000000
0	8.0000000000	0.6785714286	7.7500000000	0.8928571429	27.0000000000	0.9509642404	0.0005899376	0.0005899418
0	5.0000000000	1.0000000000	8.4000000000	1.0000000000	15.0000000000	0.6522198147	0.0001552016	0.0001552030
0	5.0000000000	0.4000000000	5.4000000000	0.6777777778	9.0000000000	0.8136353810	4.6997637783	4.6997630441
0	3.0000000000	1.0000000000	8.6666666667	1.0000000000	6.0000000000	0.4639676411	4.3971267045	4.3971260177
0	1.0000000000	0.0000000000	5.0000000000	0.0000000000	1.0000000000	0.2536083634	0.3454975476	0.3454974935
0	2.0000000000	1.0000000000	2.5000000000	1.0000000000	3.0000000000	0.7536102994	0.0000000000	0.0000000000
1	6.0000000000	0.7333333333	10.1666666667	0.8714285714	17.0000000000	0.8083385756	0.0117045277	0.0117046107
0	5.0000000000	0.5000000000	3.0000000000	0.8333333333	10.0000000000	1.1139833486	0.0000000000	0.0000000000
0	1.0000000000	0.0000000000	3.0000000000	0.0000000000	1.0000000000	0.4337545346	0.0000000000	0.0000000000
1	19.0000000000	0.1578947368	6.9473684211	0.8764661654	46.0000000000	2.5009815074	0.0100814624	0.0100814895
1	6.0000000000	1.0000000000	12.0000000000	1.0000000000	21.0000000000	0.6357327681	0.2256907304	0.2256920748
0	4.0000000000	1.0000000000	4.7500000000	1.0000000000	10.0000000000	0.7446512085	0.0000000000	0.0000000000
0	4.0000000000	1.0000000000	4.7500000000	1.0000000000	10.0000000000	0.7446512085	0.0000000000	0.0000000000
1	5.0000000000	1.0000000000	17.6000000000	1.0000000000	15.0000000000	0.4925961191	14.8736858584	14.8736835520
0	3.0000000000	1.0000000000	6.0000000000	1.0000000000	6.0000000000	0.5700952026	0.0003592673	0.0003592721
0	7.0000000000	0.3809523810	5.0000000000	0.8809523810	15.0000000000	1.0311135687	0.0028839780	0.0028840106
0	5.0000000000	0.6000000000	8.8000000000	0.7666666667	11.0000000000	0.7197904185	0.0013414639	0.0013414736
0	6.0000000000	0.7333333333	6.6666666667	0.9238095238	17.0000000000	0.7827199713	0.0001920330	0.0001920356
0	3.0000000000	1.0000000000	3.0000000000	1.0000000000	6.0000000000	0.7656967841	0.0000000000	0.0000000000
1	5.0000000000	0.4000000000	7.4000000000	0.9000000000	9.0000000000	0.8104241238	0.0017831996	0.0017832045
0	2.0000000000	1.0000000000	10.0000000000	1.0000000000	3.0000000000	0.3672882184	0.0000672951	0.0000673025
0	1.0000000000	0.0000000000	15.0000000000	0.0000000000	1.0000000000	0.2212363417	0.1307732325	0.1307732143
0	3.0000000000	1.0000000000	7.0000000000	1.0000000000	6.0000000000	0.5063042895	0.0075869509	0.0075870598
1	4.0000000000	0.5000000000	9.2500000000	0.7000000000	7.0000000000	0.6114099407	0.0212057186	0.0212060597
0	3.0000000000	1.0000000000	13.3333333333	1.0000000000	6.0000000000	0.4497177711	0.0240200679	0.0240201352
0	3.0000000000	1.0000000000	4.6666666667	1.0000000000	6.0000000000	0.4834782261	0.0000000005	0.0000000007
0	3.0000000000	1.0000000000	7.3333333333	1.0000000000	6.0000000000	0.4629112292	0.0000610671	0.0000610677
1	4.0000000000	0.6666666667	3.0000000000	0.8666666667	8.0000000000	0.9396167346	0.0000000000	0.0000000000
1	8.0000000000	0.2857142857	8.2500000000	0.8391534392	16.0000000000	1.0878442176	1.1278020040	1.1278019529
0	4.0000000000	0.6666666667	12.0000000000	0.8666666667	8.0000000000	0.5246662439	1.0995925598	1.0995924990
0	5.0000000000	0.7000000000	6.6000000000	0.9000000000	12.0000000000	0.7275358010	0.0182906325	0.0182907631
0	1.0000000000	0.0000000000	6.0000000000	0.0000000000	1.0000000000	0.2601841008	0.0134883452	0.0134884327
0	1.0000000000	0.0000000000	4.0000000000	0.0000000000	1.0000000000	0.2447530086	0.0015589385	0.0015589687
1	7.0000000000	0.8095238095	12.0000000000	0.9285714286	24.0000000000	0.7492856912	0.2380310583	0.2380324830
0	9.0000000000	1.0000000000	12.2222222222	1.0000000000	45.0000000000	0.8063177464	0.0571966509	0.0571977544
1	12.0000000000	0.6363636364	13.0000000000	0.9440559441	54.0000000000	1.0759107820	0.1166354587	0.1166368812
1	14.0000000000	0.4505494505	11.8571428571	0.9292958893	55.0000000000	1.5409920098	0.8714767239	0.8714794420
0	5.0000000000	1.0000000000	6.8000000000	1.0000000000	15.0000000000	0.7947217299	0.0000000000	0.0000000000
0	5.0000000000	1.0000000000	5.0000000000	1.0000000000	15.0000000000	0.7656967841	0.0000000000	0.0000000000
0	2.0000000000	1.0000000000	9.5000000000	1.0000000000	3.0000000000	0.3316063259	0.0000565778	0.0000565783
0	8.0000000000	0.5000000000	5.8750000000	0.8888888889	22.0000000000	1.0547050772	0.0001674399	0.0001674414
1	11.0000000000	0.4181818182	6.0909090909	0.8562770563	34.0000000000	1.3512554270	0.0006021759	0.0006021801
1	6.0000000000	1.0000000000	7.3333333333	1.0000000000	21.0000000000	0.7688845597	0.0091998478	0.0091998499
0	5.0000000000	1.0000000000	6.0000000000	1.0000000000	15.0000000000	0.7199462230	0.0000350423	0.0000350429
0	3.0000000000	1.0000000000	5.3333333333	1.0000000000	6.0000000000	0.5480513523	0.0004357340	0.0004357396
0	2.0000000000	1.0000000000	2.0000000000	1.0000000000	3.0000000000	0.7656967841	0.0000000000	0.0000000000
0	3.0000000000	1.0000000000	7.0000000000	1.0000000000	6.0000000000	0.4760867956	0.0026498667	0.0026498960
0	23.0000000000	0.1541501976	5.8695652174	0.9111848297	62.0000000000	2.9654555286	0.0000473808	0.0000473821
0	5.0000000000	1.0000000000	5.2000000000	1.0000000000	15.0000000000	0.8141935755	0.0000000000	0.0000000000
1	5.0000000000	1.0000000000	5.2000000000	1.0000000000	15.0000000000	0.8141935755	0.0000000000	0.0000000000
0	5.0000000000	1.0000000000	5.2000000000	1.0000000000	15.0000000000	0.8141935755	0.0000000000	0.0000000000
0	4.0000000000	1.0000000000	7.2500000000	1.0000000000	10.0000000000	0.6225483199	0.0000049408	0.0000049410
0	11.0000000000	0.4000000000	7.9090909091	0.8761904762	33.0000000000	1.4059523727	0.0000427742	0.0000427754
1	10.0000000000	0.2666666667	4.5000000000	0.9333333333	22.0000000000	1.5573806896	0.0000153477	0.0000153480
0	2.0000000000	1.0000000000	9.0000000000	1.0000000000	3.0000000000	0.4372095592	0.0003650499	0.0003650543
0	6.0000000000	0.4000000000	4.0000000000	0.9142857143	12.0000000000	1.0519673709	0.0010517154	0.0010517179
0	7.0000000000	0.4285714286	3.5714285714	0.9285714286	16.0000000000	1.2775040072	0.0000000000	0.0000000000
0	2.0000000000	1.0000000000	13.5000000000	1.0000000000	3.0000000000	0.3327034843	0.0348171979	0.0348174578
0	3.0000000000	1.0000000000	6.0000000000	1.0000000000	6.0000000000	0.5307741106	0.0010330938	0.0010330962
0	5.0000000000	1.0000000000	12.4000000000	1.0000000000	15.0000000000	0.6383378849	0.0550753761	0.0550757941
1	6.0000000000	0.7333333333	12.0000000000	0.9238095238	17.0000000000	0.7495527252	0.0690297127	0.0690301422
0	4.0000000000	0.5000000000	5.2500000000	0.7000000000	7.0000000000	0.7242673037	0.0021611743	0.0021612023
0	2.0000000000	1.0000000000	4.5000000000	1.0000000000	3.0000000000	0.4281242304	0.0000433783	0.0000433790
1	4.0000000000	1.0000000000	7.0000000000	1.0000000000	10.0000000000	0.6040541972	0.5921609899	0.5921609047
0	5.0000000000	0.4000000000	2.8000000000	0.9000000000	9.0000000000	1.0737601750	0.0049938283	0.0049938276
0	2.0000000000	1.0000000000	4.0000000000	1.0000000000	3.0000000000	0.4950184292	0.0000000000	0.0000000000
1	6.0000000000	0.8000000000	6.3333333333	0.9142857143	18.0000000000	0.9153512586	0.0000017728	0.0000017728
0	2.0000000000	1.0000000000	4.5000000000	1.0000000000	3.0000000000	0.4188768194	0.0001172972	0.0001172981
1	7.0000000000	0.5238095238	6.1428571429	0.7821428571	18.0000000000	1.0650677013	0.0000165077	0.0000165078
0	2.0000000000	1.0000000000	6.5000000000	1.0000000000	3.0000000000	0.4270604238	0.0082358784	0.0082358854
0	5.0000000000	0.8000000000	9.0000000000	0.9000000000	13.0000000000	0.6647390311	0.0025429131	0.0025429181
1	3.0000000000	0.3333333333	5.0000000000	0.5833333333	4.0000000000	0.6085173242	0.0617338813	0.0617338729
0	2.0000000000	1.0000000000	4.0000000000	1.0000000000	3.0000000000	0.4703122703	0.0049054084	0.0049054077
0	2.0000000000	1.0000000000	25.0000000000	1.0000000000	3.0000000000	0.2987730145	0.0012618527	0.0012618688
0	4.0000000000	1.0000000000	7.2500000000	1.0000000000	10.0000000000	0.6285586331	0.0000677944	0.0000677955
0	3.0000000000	1.0000000000	4.6666666667	1.0000000000	6.0000000000	0.6415068592	0.0094695691	0.0094695714
0	5.0000000000	0.3000000000	2.8000000000	0.5500000000	8.0000000000	1.1561562049	0.0095658822	0.0095658847
0	2.0000000000	1.0000000000	21.0000000000	1.0000000000	3.0000000000	0.2962723347	0.0002915939	0.0002916073
0	3.0000000000	1.0000000000	3.6666666667	1.0000000000	6.0000000000	0.6884575788	0.0004303954	0.0004303953
0	6.0000000000	1.0000000000	6.0000000000	1.0000000000	21.0000000000	0.7656967841	0.0000000000	0.0000000000
0	10.0000000000	1.0000000000	13.6000000000	1.0000000000	55.0000000000	0.8652925305	0.4294760875	0.4294800291
0	6.0000000000	0.4000000000	6.8333333333	0.9142857143	12.0000000000	1.0334325182	0.1097779744	0.1097779931
0	5.0000000000	0.4000000000	12.4000000000	0.9000000000	9.0000000000	0.7093292834	0.0211190394	0.0211190741
0	4.0000000000	1.0000000000	4.5000000000	1.0000000000	10.0000000000	0.7890808147	0.0000000000	0.0000000000
0	8.0000000000	1.0000000000	10.1250000000	1.0000000000	36.0000000000	0.8620069730	1.2011426698	1.2011425006
0	11.0000000000	0.4727272727	7.3636363636	0.9121212121	37.0000000000	1.3031420701	0.0000054724	0.0000054726
0	13.0000000000	0.6153846154	10.9230769231	0.9725274725	61.0000000000	1.2412409376	0.4372175637	0.4372216119
0	6.0000000000	0.2000000000	2.8333333333	0.8857142857	9.0000000000	1.2662294375	0.0002447257	0.0002447286
0	3.0000000000	0.6666666667	3.0000000000	0.8333333333	5.0000000000	0.7289962718	0.0000316493	0.0000316497
1	15.0000000000	0.3428571429	9.9333333333	0.9130952381	51.0000000000	1.5227689597	16.8520566693	16.8520540536
1	16.0000000000	0.4750000000	12.8125000000	0.9520053476	73.0000000000	1.4191675859	0.4901811267	0.4901858775
1	24.0000000000	0.1521739130	6.2083333333	0.8721821946	66.0000000000	3.0207278563	0.0953971305	0.0953976661
1	9.0000000000	0.2777777778	3.5555555556	0.9277777778	19.0000000000	1.5307824092	0.0203633232	0.0203635129
1	7.0000000000	0.4285714286	11.4285714286	0.9285714286	16.0000000000	0.8995121023	0.2091566920	0.2091581854
0	6.0000000000	0.7333333333	5.1666666667	0.9238095238	17.0000000000	0.8727074729	0.0000353987	0.0000353993
0	9.0000000000	0.6111111111	7.8888888889	0.8831746032	31.0000000000	1.0865952637	0.0034173354	0.0034173425
0	7.0000000000	0.5714285714	10.1428571429	0.8928571429	19.0000000000	0.7935515945	0.0456107738	0.0456113415
0	13.0000000000	1.0000000000	16.0769230769	1.0000000000	91.0000000000	0.9760898464	49.2583624664	49.2583548023
0	6.0000000000	1.0000000000	6.0000000000	1.0000000000	21.0000000000	0.7656967841	0.0000000000	0.0000000000
1	9.0000000000	0.1944444444	4.6666666667	0.8527777778	16.0000000000	1.6600803015	0.0159747518	0.0159749751
1	21.0000000000	0.1904761905	5.9523809524	0.8227272727	61.0000000000	2.6665257766	0.0234139359	0.0234139684
0	3.0000000000	1.0000000000	14.6666666667	1.0000000000	6.0000000000	0.4303527190	0.0022159991	0.0022160139
0	3.0000000000	1.0000000000	3.6666666667	1.0000000000	6.0000000000	0.6884575788	0.0004303954	0.0004303953
0	10.0000000000	0.4888888889	11.9000000000	0.8626262626	32.0000000000	0.9540287224	13.3968917287	13.3968903692
0	5.0000000000	1.0000000000	6.2000000000	1.0000000000	15.0000000000	0.6690614338	0.0031938182	0.0031938555
0	2.0000000000	1.0000000000	2.0000000000	1.0000000000	3.0000000000	0.7656967841	0.0000000000	0.0000000000
0	11.0000000000	0.4545454545	7.0000000000	0.9545454545	36.0000000000	1.2878257861	0.0306694459	0.0306697169
0	1.0000000000	0.0000000000	15.0000000000	0.0000000000	1.0000000000	0.2181564049	0.0326459088	0.0326461473
0	7.0000000000	0.5238095238	10.5714285714	0.9404761905	18.0000000000	0.7673511860	0.0309856908	0.0309858595
0	2.0000000000	1.0000000000	3.5000000000	1.0000000000	3.0000000000	0.5004301232	0.0000000000	0.0000000000
1	2.0000000000	1.0000000000	2.0000000000	1.0000000000	3.0000000000	0.7656967841	0.0000000000	0.0000000000
0	5.0000000000	0.7000000000	3.8000000000	0.9000000000	12.0000000000	0.9431532045	0.0000000000	0.0000000000
0	3.0000000000	0.6666666667	3.6666666667	0.8333333333	5.0000000000	0.5970801145	0.0000049278	0.0000049281
1	4.0000000000	0.3333333333	8.2500000000	0.8666666667	6.0000000000	0.7554287123	0.0076603128	0.0076603660
0	5.0000000000	0.4000000000	3.4000000000	0.9000000000	9.0000000000	1.0467584155	0.0006197251	0.0006197305
1	22.0000000000	0.1341991342	5.9545454545	0.8855448899	53.0000000000	3.0931060992	0.0087481540	0.0087482290
1	3.0000000000	1.0000000000	14.0000000000	1.0000000000	6.0000000000	0.4632587379	0.0024393433	0.0024393543
0	7.0000000000	1.0000000000	10.1428571429	1.0000000000	28.0000000000	0.7587340960	0.0005599943	0.0005599985
1	4.0000000000	1.0000000000	10.0000000000	1.0000000000	10.0000000000	0.6190482205	0.0109532321	0.0109532510
0	4.0000000000	0.1666666667	1.5000000000	0.4333333333	5.0000000000	1.4691880897	0.0000000000	0.0000000000
1	7.0000000000	0.4761904762	7.8571428571	0.8690476190	17.0000000000	1.0679693490	0.0024991656	0.0024991915
0	6.0000000000	0.7333333333	5.1666666667	0.9238095238	17.0000000000	0.8727074729	0.0000353987	0.0000353993
0	8.0000000000	0.4642857143	6.1250000000	0.9404761905	21.0000000000	1.0614818001	0.0003357870	0.0003357915
0	4.0000000000	0.1666666667	3.5000000000	0.4333333333	5.0000000000	0.8693563358	0.0001495778	0.0001495789
1	1.0000000000	0.0000000000	18.0000000000	0.0000000000	1.0000000000	0.2028806587	0.0446614408	0.0446615794
0	2.0000000000	1.0000000000	4.5000000000	1.0000000000	3.0000000000	0.4515688931	0.0001919870	0.0001919883
1	7.0000000000	0.2380952381	4.5714285714	0.9047619048	12.0000000000	1.1897769106	0.0024195757	0.0024195889
0	2.0000000000	1.0000000000	9.5000000000	1.0000000000	3.0000000000	0.3611204003	0.0905394599	0.0905394643
0	2.0000000000	1.0000000000	4.5000000000	1.0000000000	3.0000000000	0.4515688931	0.0001919870	0.0001919883
0	4.0000000000	0.6666666667	3.0000000000	0.8666666667	8.0000000000	0.9396167346	0.0000000000	0.0000000000
1	3.0000000000	1.0000000000	5.0000000000	1.0000000000	6.0000000000	0.5039524884	0.0026950043	0.0026950467
1	3.0000000000	1.0000000000	8.3333333333	1.0000000000	6.0000000000	0.4866990065	0.0004702792	0.0004702855
1	5.0000000000	1.0000000000	15.8000000000	1.0000000000	15.0000000000	0.5441843533	0.0799496917	0.0799507662
1	5.0000000000	1.0000000000	7.8000000000	1.0000000000	15.0000000000	0.6849835214	0.0238641018	0.0238641300
0	2.0000000000	0.0000000000	2.5000000000	0.0000000000	2.0000000000	0.5961694363	0.0001499777	0.0001499780
0	7.0000000000	0.6190476190	7.4285714286	0.9047619048	20.0000000000	0.8799761905	0.0003898026	0.0003898078
0	5.0000000000	1.0000000000	7.8000000000	1.0000000000	15.0000000000	0.6467687448	0.0001890802	0.0001890827
0	3.0000000000	1.0000000000	15.0000000000	1.0000000000	6.0000000000	0.4098235321	0.0203585908	0.0203586173
0	1.0000000000	0.0000000000	5.0000000000	0.0000000000	1.0000000000	0.3128389976	0.0007032247	0.0007032250
1	6.0000000000	0.7333333333	4.6666666667	0.9238095238	17.0000000000	0.9371580800	0.0000000000	0.0000000000
0	1.0000000000	0.0000000000	5.0000000000	0.0000000000	1.0000000000	0.3128389976	0.0007032247	0.0007032250
0	13.0000000000	0.4615384615	9.6923076923	0.9615384615	49.0000000000	1.2761820627	0.0041697255	0.0041697458
0	6.0000000000	1.0000000000	11.3333333333	1.0000000000	21.0000000000	0.6193231493	0.0038952736	0.0038952915
0	10.0000000000	0.5555555556	8.6000000000	0.9191919192	35.0000000000	1.0072200266	0.0068068530	0.0068068912
0	5.0000000000	1.0000000000	10.6000000000	1.0000000000	15.0000000000	0.6103467864	0.0024943230	0.0024943448
0	9.0000000000	0.3888888889	4.7777777778	0.7788888889	23.0000000000	1.4423875452	0.0000018862	0.0000018862
0	9.0000000000	0.5000000000	9.2222222222	0.9500000000	27.0000000000	1.1051269414	0.0313617699	0.0313620440
0	7.0000000000	0.3333333333	5.8571428571	0.8750000000	14.0000000000	0.9658895871	0.0025953087	0.0025953372
1	3.0000000000	1.0000000000	3.0000000000	1.0000000000	6.0000000000	0.7656967841	0.0000000000	0.0000000000
1	10.0000000000	0.5555555556	14.3000000000	0.8259018759	35.0000000000	1.0176474161	0.1551458741	0.1551472755
0	4.0000000000	0.5000000000	7.2500000000	0.7000000000	7.0000000000	0.7954786449	0.0007581172	0.0007581253
0	5.0000000000	0.6000000000	6.4000000000	0.8666666667	11.0000000000	0.7981538270	0.2636865181	0.2636864767
0	1.0000000000	0.0000000000	1.0000000000	0.0000000000	1.0000000000	0.7656967841	0.0000000000	0.0000000000
0	1.0000000000	0.0000000000	1.0000000000	0.0000000000	1.0000000000	0.7656967841	0.0000000000	0.0000000000
0	4.0000000000	1.0000000000	5.0000000000	1.0000000000	10.0000000000	0.6641711853	0.0000447012	0.0000447020
0	6.0000000000	0.6000000000	4.6666666667	0.8857142857	15.0000000000	0.9409622631	0.0002593269	0.0002593307
0	2.0000000000	1.0000000000	4.0000000000	1.0000000000	3.0000000000	0.4338995962	0.0000027326	0.0000027328
0	3.0000000000	1.0000000000	3.0000000000	1.0000000000	6.0000000000	0.7656967841	0.0000000000	0.0000000000
0	2.0000000000	1.0000000000	4.0000000000	1.0000000000	3.0000000000	0.5056448970	0.0000296208	0.0000296212
0	5.0000000000	0.4000000000	10.4000000000	0.9000000000	9.0000000000	0.7165603411	0.0007958456	0.0007958641
0	6.0000000000	1.0000000000	6.0000000000	1.0000000000	21.0000000000	0.7656967841	0.0000000000	0.0000000000
0	12.0000000000	0.6060606061	11.2500000000	0.9303807304	52.0000000000	1.1397224029	0.0732775118	0.0732788453
0	4.0000000000	1.0000000000	6.0000000000	1.0000000000	10.0000000000	0.7039982451	0.0000000000	0.0000000000
0	2.0000000000	1.0000000000	6.0000000000	1.0000000000	3.0000000000	0.3803858030	0.0000000000	0.0000000000
0	3.0000000000	1.0000000000	5.3333333333	1.0000000000	6.0000000000	0.5715992797	0.0000013228	0.0000013228
0	3.0000000000	1.0000000000	8.0000000000	1.0000000000	6.0000000000	0.4876643782	0.0000730957	0.0000731040
0	3.0000000000	1.0000000000	3.0000000000	1.0000000000	6.0000000000	0.7656967841	0.0000000000	0.0000000000
0	25.0000000000	0.1633333333	7.8400000000	0.9071478521	74.0000000000	2.8067661560	0.0138427799	0.0138428539
1	4.0000000000	1.0000000000	14.5000000000	1.0000000000	10.0000000000	0.5875670930	0.0042816822	0.0042817256
0	7.0000000000	0.4285714286	7.4285714286	0.8285714286	16.0000000000	1.0251683387	0.0003404150	0.0003404282
1	13.0000000000	0.2051282051	8.9230769231	0.9051282051	29.0000000000	1.7294318374	0.0391292210	0.0391295251
1	13.0000000000	0.2564102564	7.0769230769	0.8513082156	33.0000000000	1.7966999365	0.0053096566	0.0053097128
0	8.0000000000	0.5714285714	7.5000000000	0.8455026455	24.0000000000	0.9293641032	0.0002005362	0.0002005498
1	2.0000000000	1.0000000000	5.0000000000	1.0000000000	3.0000000000	0.4623870840	0.0001248623	0.0001248639
0	6.0000000000	1.0000000000	9.8333333333	1.0000000000	21.0000000000	0.7203535829	0.0034644444	0.0034644742
0	23.0000000000	0.2885375494	8.9130434783	0.9139607373	96.0000000000	2.0226512248	0.0274127754	0.0274128436
0	7.0000000000	1.0000000000	12.5714285714	1.0000000000	28.0000000000	0.6295168774	0.0045961661	0.0045961876
1	19.0000000000	0.2514619883	5.8421052632	0.9078111947	62.0000000000	2.1368970723	0.0006218259	0.0006218307
0	7.0000000000	0.5238095238	4.2857142857	0.9404761905	18.0000000000	1.1914769739	0.0000000000	0.0000000000
0	1.0000000000	0.0000000000	5.0000000000	0.0000000000	1.0000000000	0.4320958304	0.0000000000	0.0000000000
1	13.0000000000	0.1666666667	5.3846153846	0.7976190476	26.0000000000	2.1195899272	0.0045944089	0.0045944533
0	3.0000000000	1.0000000000	3.0000000000	1.0000000000	6.0000000000	0.7656967841	0.0000000000	0.0000000000
1	3.0000000000	1.0000000000	4.6666666667	1.0000000000	6.0000000000	0.6415068592	0.0094695691	0.0094695714
0	3.0000000000	1.0000000000	9.6666666667	1.0000000000	6.0000000000	0.5634535245	0.0007543006	0.0007543087
0	5.0000000000	0.2000000000	7.6000000000	0.7000000000	7.0000000000	0.7963661667	0.0148478777	0.0148479801
0	1.0000000000	0.0000000000	13.0000000000	0.0000000000	1.0000000000	0.2535885762	0.0003377558	0.0003377598
0	2.0000000000	1.0000000000	9.0000000000	1.0000000000	3.0000000000	0.3890399820	0.0014292876	0.0014293006
0	10.0000000000	0.4444444444	8.9000000000	0.9494949495	30.0000000000	1.2287321417	0.0571430995	0.0571435431
0	5.0000000000	0.6000000000	4.8000000000	0.7666666667	11.0000000000	0.9274487668	0.0000000000	0.0000000000
0	5.0000000000	0.7000000000	5.0000000000	0.9000000000	12.0000000000	0.8798980760	0.0000000000	0.0000000000
0	20.0000000000	0.1947368421	5.0000000000	0.9267335004	57.0000000000	2.5996518317	2.6592073425	2.6592069271
0	4.0000000000	0.5000000000	7.0000000000	0.7000000000	7.0000000000	0.7138845300	0.0019958369	0.0019958480
0	6.0000000000	0.4000000000	4.5000000000	0.9142857143	12.0000000000	1.1488718985	0.0000000000	0.0000000000
0	2.0000000000	1.0000000000	14.0000000000	1.0000000000	3.0000000000	0.3824123394	0.0075761899	0.0075762422
0	5.0000000000	0.4000000000	4.8000000000	0.9000000000	9.0000000000	1.0400117345	0.0000000000	0.0000000000
1	3.0000000000	1.0000000000	12.6666666667	1.0000000000	6.0000000000	0.4613336172	0.0237383208	0.0237383869
0	3.0000000000	1.0000000000	5.3333333333	1.0000000000	6.0000000000	0.5324108688	0.0001225112	0.0001225127
1	13.0000000000	0.1538461538	7.6923076923	0.8467032967	25.0000000000	1.7507976998	0.1802034716	0.1802044564
0	3.0000000000	1.0000000000	3.0000000000	1.0000000000	6.0000000000	0.7656967841	0.0000000000	0.0000000000
0	2.0000000000	1.0000000000	3.0000000000	1.0000000000	3.0000000000	0.5227021602	0.0000118686	0.0000118687
0	1.0000000000	0.0000000000	1.0000000000	0.0000000000	1.0000000000	0.7656967841	0.0000000000	0.0000000000
0	4.0000000000	1.0000000000	8.0000000000	1.0000000000	10.0000000000	0.5782616432	0.0172913618	0.0172914844
1	2.0000000000	1.0000000000	9.0000000000	1.0000000000	3.0000000000	0.3530644422	0.0145921424	0.0145922415
0	8.0000000000	0.7500000000	10.0000000000	0.8611111111	29.0000000000	0.8122926629	13.1874758251	13.1874738930
0	3.0000000000	1.0000000000	5.3333333333	1.0000000000	6.0000000000	0.5324108688	0.0001225112	0.0001225127
0	9.0000000000	0.5000000000	6.2222222222	0.8800000000	27.0000000000	1.0720936382	0.0001054733	0.0001054829
0	2.0000000000	1.0000000000	4.0000000000	1.0000000000	3.0000000000	0.5142299086	0.0000000000	0.0000000000
1	5.0000000000	1.0000000000	7.8000000000	1.0000000000	15.0000000000	0.6849835214	0.0238641018	0.0238641300
1	30.0000000000	0.2436781609	10.5333333333	0.8875072832	136.0000000000	2.8321943513	1.8001367927	1.8001437352
0	5.0000000000	1.0000000000	5.0000000000	1.0000000000	15.0000000000	0.7656967841	0.0000000000	0.0000000000
0	5.0000000000	1.0000000000	5.0000000000	1.0000000000	15.0000000000	0.7656967841	0.0000000000	0.0000000000
0	5.0000000000	1.0000000000	5.0000000000	1.0000000000	15.0000000000	0.7656967841	0.0000000000	0.0000000000
0	4.0000000000	0.6666666667	3.0000000000	0.8666666667	8.0000000000	0.9396167346	0.0000000000	0.0000000000
0	6.0000000000	1.0000000000	7.6666666667	1.0000000000	21.0000000000	0.7283129309	0.0000011398	0.0000011399
0	2.0000000000	1.0000000000	5.5000000000	1.0000000000	3.0000000000	0.4521759146	0.0016157835	0.0016158019
0	5.0000000000	0.6000000000	3.4000000000	0.7666666667	11.0000000000	1.0544887631	0.0000000000	0.0000000000
0	3.0000000000	1.0000000000	6.6666666667	1.0000000000	6.0000000000	0.4550012948	0.0008688292	0.0008688426
1	10.0000000000	0.3333333333	7.7000000000	0.8761904762	25.0000000000	1.4400823636	0.0050557067	0.0050557593
0	4.0000000000	0.6666666667	3.2500000000	0.8666666667	8.0000000000	0.8418338243	0.0000000000	0.0000000000
0	6.0000000000	1.0000000000	6.6666666667	1.0000000000	21.0000000000	0.7895788034	0.0001652343	0.0001652366
0	6.0000000000	1.0000000000	6.6666666667	1.0000000000	21.0000000000	0.7895788034	0.0001652343	0.0001652366
0	6.0000000000	1.0000000000	6.6666666667	1.0000000000	21.0000000000	0.7895788034	0.0001652343	0.0001652366
0	6.0000000000	1.0000000000	6.6666666667	1.0000000000	21.0000000000	0.7895788034	0.0001652343	0.0001652366
0	6.0000000000	1.0000000000	6.6666666667	1.0000000000	21.0000000000	0.7895788034	0.0001652343	0.0001652366
0	6.0000000000	1.0000000000	6.6666666667	1.0000000000	21.0000000000	0.7895788034	0.0001652343	0.0001652366
0	2.0000000000	1.0000000000	3.0000000000	1.0000000000	3.0000000000	0.6515178955	0.0000000000	0.0000000000
0	2.0000000000	1.0000000000	17.0000000000	1.0000000000	3.0000000000	0.3330668050	0.0000066278	0.0000066280
0	2.0000000000	1.0000000000	4.0000000000	1.0000000000	3.0000000000	0.4507977677	0.0000962217	0.0000962231
1	7.0000000000	0.6190476190	5.5714285714	0.8797619048	20.0000000000	1.0742027380	0.0000017908	0.0000017909
0	3.0000000000	1.0000000000	5.0000000000	1.0000000000	6.0000000000	0.5039524884	0.0026950043	0.0026950467
0	2.0000000000	1.0000000000	7.0000000000	1.0000000000	3.0000000000	0.3756686086	0.0000002633	0.0000002633
1	10.0000000000	0.3777777778	9.4000000000	0.8828282828	27.0000000000	1.2960216556	0.0052119559	0.0052120027
0	2.0000000000	1.0000000000	6.0000000000	1.0000000000	3.0000000000	0.3886466099	0.0000473244	0.0000473248
0	14.0000000000	0.2417582418	5.0714285714	0.9494505495	36.0000000000	2.1286872210	0.0005128049	0.0005128117
0	3.0000000000	1.0000000000	12.6666666667	1.0000000000	6.0000000000	0.4350512273	1.5481584076	1.5481581664
0	1.0000000000	0.0000000000	1.0000000000	0.0000000000	1.0000000000	0.7656967841	0.0000000000	0.0000000000
0	4.0000000000	1.0000000000	6.7500000000	1.0000000000	10.0000000000	0.6403563176	0.0000327065	0.0000327068
1	9.0000000000	0.4166666667	10.0000000000	0.8716666667	24.0000000000	1.0760313695	0.0010884785	0.0010885178
0	5.0000000000	0.6000000000	4.8000000000	0.8666666667	11.0000000000	0.8027308799	0.0000584272	0.0000584301
0	4.0000000000	0.3333333333	6.0000000000	0.8666666667	6.0000000000	0.7884248337	0.0014537453	0.0014537594
0	4.0000000000	1.0000000000	4.7500000000	1.0000000000	10.0000000000	0.7446512085	0.0000000000	0.0000000000
1	2.0000000000	1.0000000000	13.0000000000	1.0000000000	3.0000000000	0.3666955290	0.0032143168	0.0032143477
1	4.0000000000	0.6666666667	3.2500000000	0.8666666667	8.0000000000	0.8418338243	0.0000000000	0.0000000000
0	7.0000000000	0.6190476190	11.5714285714	0.9047619048	20.0000000000	0.8898298352	0.0000804161	0.0000804176
1	14.0000000000	0.3406593407	8.9285714286	0.8412291412	45.0000000000	1.5980523943	0.0040063146	0.0040063488
0	4.0000000000	1.0000000000	4.7500000000	1.0000000000	10.0000000000	0.7446512085	0.0000000000	0.0000000000
1	4.0000000000	1.0000000000	15.2500000000	1.0000000000	10.0000000000	0.4869639964	0.0736053388	0.0736058404
0	4.0000000000	1.0000000000	7.0000000000	1.0000000000	10.0000000000	0.6040541972	0.5921609899	0.5921609047
1	4.0000000000	1.0000000000	7.0000000000	1.0000000000	10.0000000000	0.6040541972	0.5921609899	0.5921609047
0	2.0000000000	1.0000000000	2.0000000000	1.0000000000	3.0000000000	0.7656967841	0.0000000000	0.0000000000
1	3.0000000000	0.3333333333	1.6666666667	0.5833333333	4.0000000000	1.1218120029	0.0000000000	0.0000000000
0	3.0000000000	1.0000000000	9.6666666667	1.0000000000	6.0000000000	0.4793380105	0.0009260212	0.0009260249
1	10.0000000000	0.4444444444	7.0000000000	0.9191919192	30.0000000000	1.2392391228	0.0303301905	0.0303304563
0	2.0000000000	1.0000000000	12.0000000000	1.0000000000	3.0000000000	0.3150335952	0.2201822504	0.2201822198
0	4.0000000000	0.8333333333	5.7500000000	0.9000000000	9.0000000000	0.6151339083	0.0028313304	0.0028313621
0	11.0000000000	0.3818181818	8.4545454545	0.9008658009	32.0000000000	1.4297635008	0.0000419787	0.0000419796
1	12.0000000000	0.2727272727	4.9166666667	0.9184149184	30.0000000000	1.6698299836	0.0062708790	0.0062709462
0	1.0000000000	0.0000000000	2.0000000000	0.0000000000	1.0000000000	0.3288460715	0.0308465326	0.0308465310
0	8.0000000000	0.5714285714	5.0000000000	0.9523809524	24.0000000000	1.1614653284	0.0000000000	0.0000000000
1	10.0000000000	0.7333333333	9.8000000000	0.9080808081	43.0000000000	1.0831858071	1.6801209858	1.6801207476
1	9.0000000000	0.8333333333	9.7777777778	0.9500000000	39.0000000000	0.9724532545	1.2579711428	1.2579709658
0	9.0000000000	0.8055555556	9.1111111111	0.9611111111	38.0000000000	0.9935600455	1.2162206655	1.2162204943
0	3.0000000000	1.0000000000	14.0000000000	1.0000000000	6.0000000000	0.4632587379	0.0024393433	0.0024393543
0	4.0000000000	1.0000000000	11.5000000000	1.0000000000	10.0000000000	0.5501268747	0.0004136890	0.0004136939
0	4.0000000000	0.8333333333	6.5000000000	0.9000000000	9.0000000000	0.6517059869	0.0000272485	0.0000272490
0	4.0000000000	1.0000000000	11.0000000000	1.0000000000	10.0000000000	0.5735449557	0.0000085817	0.0000085821
0	6.0000000000	0.4666666667	8.0000000000	0.9238095238	13.0000000000	0.8374892027	0.0000179949	0.0000179966
0	2.0000000000	1.0000000000	4.0000000000	1.0000000000	3.0000000000	0.4975323757	0.0000000000	0.0000000000
1	5.0000000000	1.0000000000	8.8000000000	1.0000000000	15.0000000000	0.6176638546	0.0000819265	0.0000819338
0	3.0000000000	1.0000000000	4.3333333333	1.0000000000	6.0000000000	0.6891139429	0.0000000000	0.0000000000
0	3.0000000000	1.0000000000	4.0000000000	1.0000000000	6.0000000000	0.6811718370	0.0000000000	0.0000000000
0	3.0000000000	1.0000000000	4.3333333333	1.0000000000	6.0000000000	0.6891139429	0.0000000000	0.0000000000
0	2.0000000000	1.0000000000	5.0000000000	1.0000000000	3.0000000000	0.4939930607	0.0000000000	0.0000000000
1	6.0000000000	1.0000000000	10.8333333333	1.0000000000	21.0000000000	0.6719429087	0.0307156777	0.0307160606
0	5.0000000000	1.0000000000	5.4000000000	1.0000000000	15.0000000000	0.7762938814	0.0000000000	0.0000000000
0	2.0000000000	1.0000000000	3.5000000000	1.0000000000	3.0000000000	0.5362420669	0.0000042887	0.0000042888
0	2.0000000000	1.0000000000	6.0000000000	1.0000000000	3.0000000000	0.3886466099	0.0000473244	0.0000473248
0	4.0000000000	0.8333333333	7.2500000000	0.9000000000	9.0000000000	0.6505885529	0.0009394686	0.0009394718
1	5.0000000000	1.0000000000	15.8000000000	1.0000000000	15.0000000000	0.5441843533	0.0799496917	0.0799507662
1	11.0000000000	0.3272727273	11.0000000000	0.9082251082	29.0000000000	1.2572787644	0.0932678530	0.0932686644
1	20.0000000000	0.2578947368	10.6500000000	0.8378767988	69.0000000000	1.9891373315	0.1671837282	0.1671852699
0	2.0000000000	1.0000000000	4.0000000000	1.0000000000	3.0000000000	0.5142299086	0.0000000000	0.0000000000
0	3.0000000000	1.0000000000	5.3333333333	1.0000000000	6.0000000000	0.5926716954	0.0000000000	0.0000000000
0	8.0000000000	0.5714285714	6.3750000000	0.9047619048	24.0000000000	1.0034695227	0.0000784452	0.0000784460
0	5.0000000000	1.0000000000	5.0000000000	1.0000000000	15.0000000000	0.7656967841	0.0000000000	0.0000000000
0	3.0000000000	1.0000000000	18.0000000000	1.0000000000	6.0000000000	0.3770723115	0.0003549560	0.0003549760
1	6.0000000000	1.0000000000	6.0000000000	1.0000000000	21.0000000000	0.7656967841	0.0000000000	0.0000000000
0	4.0000000000	1.0000000000	4.0000000000	1.0000000000	10.0000000000	0.7656967841	0.0000000000	0.0000000000
0	4.0000000000	1.0000000000	4.0000000000	1.0000000000	10.0000000000	0.7656967841	0.0000000000	0.0000000000
0	2.0000000000	1.0000000000	4.0000000000	1.0000000000	3.0000000000	0.4531355044	0.0145586115	0.0145587075
0	2.0000000000	1.0000000000	2.0000000000	1.0000000000	3.0000000000	0.7656967841	0.0000000000	0.0000000000
